404, 344, 507, 672
405, 345, 506, 672
405, 345, 507, 672
405, 346, 507, 672
408, 347, 509, 674
404, 345, 507, 671
405, 346, 507, 672
405, 345, 506, 672
404, 345, 507, 671
404, 345, 507, 672
404, 345, 507, 672
405, 345, 507, 672
410, 347, 509, 674
404, 345, 507, 673
405, 345, 507, 672
404, 345, 505, 671
405, 346, 507, 672
405, 345, 507, 672
404, 345, 507, 672
404, 345, 507, 673
405, 345, 509, 674
404, 345, 506, 671
404, 345, 507, 671
405, 346, 506, 673
405, 345, 507, 673
404, 345, 507, 671
405, 345, 508, 672
404, 345, 507, 672
405, 343, 507, 672
405, 346, 507, 672
404, 346, 507, 671
405, 346, 508, 672
404, 345, 507, 672
403, 345, 507, 671
405, 345, 506, 672
404, 345, 507, 672
404, 347, 507, 672
404, 348, 509, 671
404, 345, 506, 672
405, 346, 507, 672
404, 345, 507, 672
404, 344, 506, 670
404, 344, 507, 672
404, 345, 507, 672
403, 345, 505, 675
404, 345, 507, 673
404, 345, 507, 672
389, 346, 507, 672
405, 345, 507, 672
404, 345, 507, 671
404, 345, 507, 671
403, 345, 507, 671
401, 344, 503, 669
404, 345, 507, 672
404, 344, 506, 672
405, 344, 510, 670
404, 345, 507, 672
405, 344, 507, 672
404, 345, 507, 672
405, 345, 508, 673
401, 342, 503, 669
404, 345, 508, 670
404, 345, 507, 672
404, 346, 506, 672
404, 346, 507, 672
404, 345, 507, 672
404, 345, 507, 672
405, 345, 507, 672
400, 341, 503, 666
405, 345, 507, 672
404, 345, 507, 671
405, 343, 507, 671
406, 345, 507, 672
405, 345, 507, 671
404, 345, 507, 673
404, 344, 507, 671
399, 339, 498, 661
405, 344, 506, 672
404, 345, 507, 673
405, 342, 508, 672
405, 345, 507, 672
404, 345, 506, 672
404, 345, 508, 672
403, 345, 507, 671
399, 341, 501, 663
405, 345, 505, 672
403, 345, 506, 672
406, 345, 507, 672
404, 345, 508, 672
404, 344, 507, 671
405, 345, 507, 672
405, 345, 507, 672
404, 345, 505, 670
405, 345, 506, 672
405, 345, 507, 673
405, 345, 507, 673
405, 345, 507, 673
404, 345, 507, 672
405, 344, 508, 672
405, 345, 506, 672
405, 345, 506, 671
404, 345, 507, 673
404, 345, 507, 671
405, 347, 508, 674
405, 344, 507, 672
404, 345, 507, 672
405, 346, 507, 672
404, 345, 507, 672
404, 345, 507, 671
404, 345, 507, 672
404, 344, 507, 672
406, 345, 508, 673
403, 345, 506, 671
403, 345, 506, 671
404, 343, 506, 672
404, 344, 506, 672
403, 344, 506, 671
404, 344, 507, 672
404, 344, 506, 671
406, 346, 508, 673
404, 345, 505, 670
403, 344, 506, 671
404, 344, 506, 672
405, 345, 506, 672
404, 345, 506, 672
404, 345, 506, 671
403, 344, 505, 670
404, 346, 505, 674
404, 344, 505, 671
405, 345, 504, 671
403, 345, 506, 670
404, 344, 506, 670
403, 345, 504, 671
403, 345, 506, 672
402, 344, 506, 671
407, 345, 508, 673
404, 344, 506, 670
402, 345, 506, 670
404, 344, 505, 671
404, 344, 506, 672
403, 344, 506, 670
404, 344, 506, 671
405, 345, 506, 672
405, 346, 508, 674
403, 344, 506, 671
405, 344, 505, 670
404, 345, 506, 671
404, 345, 506, 671
404, 343, 506, 670
405, 345, 506, 671
403, 344, 506, 671
401, 345, 508, 670
404, 343, 505, 671
404, 344, 505, 672
405, 345, 503, 673
404, 345, 506, 672
404, 345, 506, 672
406, 346, 507, 672
404, 345, 506, 672
402, 344, 499, 669
404, 344, 507, 671
404, 345, 506, 672
405, 344, 507, 671
404, 345, 506, 673
403, 344, 507, 671
404, 345, 506, 672
404, 344, 506, 671
399, 341, 501, 665
404, 345, 506, 672
405, 345, 506, 670
391, 346, 507, 672
404, 344, 507, 671
405, 345, 506, 670
404, 345, 506, 673
405, 345, 506, 671
400, 340, 501, 666
405, 345, 506, 671
404, 345, 505, 671
403, 345, 506, 672
404, 344, 505, 673
403, 344, 506, 671
404, 345, 506, 672
404, 344, 506, 671
397, 339, 498, 659
404, 345, 507, 672
404, 344, 505, 672
404, 343, 507, 671
404, 344, 506, 671
403, 345, 506, 672
404, 344, 507, 672
404, 344, 506, 672
399, 340, 500, 663
404, 344, 506, 671
404, 345, 505, 671
403, 345, 505, 672
403, 344, 506, 671
404, 347, 506, 671
403, 344, 506, 671
405, 344, 506, 671
403, 344, 504, 668
404, 344, 506, 671
404, 345, 505, 671
404, 345, 506, 671
404, 345, 505, 671
404, 344, 505, 672
404, 344, 507, 670
404, 345, 506, 671
403, 343, 505, 670
404, 345, 506, 672
405, 344, 506, 671
405, 345, 507, 671
404, 344, 506, 671
404, 344, 506, 671
404, 344, 506, 672
405, 345, 506, 671
404, 344, 506, 671
404, 345, 506, 672
404, 345, 507, 672
405, 345, 507, 672
404, 345, 506, 672
405, 345, 506, 671
405, 345, 507, 672
405, 345, 507, 672
404, 344, 506, 670
404, 345, 506, 672
404, 345, 507, 672
406, 347, 509, 674
404, 345, 507, 671
405, 345, 506, 671
404, 344, 506, 671
402, 344, 506, 672
404, 344, 506, 670
405, 345, 506, 672
403, 344, 506, 671
406, 345, 508, 674
405, 345, 507, 671
404, 344, 506, 671
404, 345, 506, 672
404, 345, 507, 671
404, 344, 507, 671
404, 345, 505, 672
404, 345, 506, 672
410, 347, 508, 674
402, 344, 506, 672
403, 344, 506, 672
404, 345, 507, 671
404, 346, 505, 672
404, 344, 506, 672
404, 345, 506, 672
404, 345, 507, 672
407, 346, 509, 674
404, 345, 507, 672
404, 345, 506, 672
405, 345, 506, 672
404, 345, 507, 672
403, 345, 506, 672
404, 344, 506, 672
404, 345, 506, 672
388, 346, 509, 674
404, 345, 507, 672
404, 344, 507, 671
405, 345, 507, 672
405, 344, 507, 672
404, 343, 506, 671
404, 345, 506, 672
404, 344, 507, 672
406, 342, 508, 674
404, 345, 506, 671
404, 344, 506, 671
405, 345, 507, 672
406, 346, 508, 672
404, 345, 507, 672
404, 345, 507, 672
405, 345, 507, 671
407, 345, 506, 672
405, 345, 507, 671
404, 345, 507, 672
414, 342, 507, 671
404, 345, 506, 671
404, 344, 507, 672
405, 345, 507, 673
405, 345, 507, 672
403, 344, 505, 669
405, 344, 507, 672
404, 345, 506, 671
402, 345, 508, 671
404, 344, 507, 672
405, 345, 507, 673
405, 345, 508, 672
405, 345, 507, 672
403, 343, 505, 668
404, 345, 507, 672
405, 345, 507, 672
404, 348, 506, 673
403, 344, 507, 673
405, 345, 507, 672
405, 346, 507, 672
404, 345, 507, 672
400, 341, 503, 665
405, 345, 506, 673
404, 345, 507, 671
397, 346, 507, 671
405, 345, 507, 672
404, 345, 506, 671
404, 345, 507, 672
405, 345, 508, 670
398, 339, 499, 660
404, 345, 506, 672
404, 344, 507, 671
394, 345, 508, 672
404, 345, 507, 672
404, 342, 506, 671
405, 344, 507, 672
404, 345, 507, 672
399, 340, 500, 662
405, 345, 507, 671
404, 345, 506, 671
419, 344, 507, 671
405, 345, 508, 671
404, 346, 506, 672
403, 345, 507, 672
405, 345, 507, 672
403, 341, 504, 667
404, 347, 508, 672
406, 345, 507, 672
401, 345, 507, 670
404, 345, 507, 672
404, 345, 506, 671
404, 345, 506, 671
404, 345, 507, 672
405, 345, 507, 672
405, 345, 507, 671
404, 346, 506, 672
407, 346, 507, 674
405, 346, 507, 673
404, 344, 507, 672
405, 345, 507, 672
405, 346, 507, 672
407, 345, 506, 672
404, 345, 506, 672
404, 345, 506, 672
406, 347, 508, 674
404, 345, 506, 672
404, 343, 506, 671
405, 344, 506, 672
405, 345, 506, 672
405, 345, 507, 672
405, 345, 507, 672
405, 345, 507, 672
416, 345, 509, 674
404, 344, 507, 671
405, 345, 506, 671
405, 345, 508, 673
405, 346, 507, 672
403, 345, 506, 672
404, 345, 507, 672
405, 345, 508, 672
417, 348, 509, 675
405, 346, 506, 672
405, 345, 507, 671
405, 345, 507, 672
405, 346, 507, 673
405, 346, 507, 671
405, 345, 505, 672
405, 345, 506, 672
403, 345, 504, 673
405, 346, 507, 672
404, 345, 506, 671
405, 345, 508, 672
405, 345, 507, 672
404, 344, 507, 671
404, 345, 507, 672
405, 345, 507, 672
404, 346, 505, 672
404, 345, 507, 671
404, 345, 507, 672
414, 345, 507, 672
404, 345, 508, 672
404, 345, 507, 672
405, 345, 506, 672
404, 345, 507, 672
403, 347, 506, 670
405, 345, 506, 673
406, 345, 507, 672
404, 345, 507, 668
405, 346, 506, 673
405, 345, 507, 672
405, 345, 507, 671
404, 344, 507, 672
403, 345, 504, 662
405, 345, 506, 672
406, 345, 506, 672
404, 345, 506, 671
404, 345, 507, 672
404, 345, 505, 671
405, 345, 506, 673
405, 345, 506, 672
400, 341, 502, 665
405, 345, 506, 672
404, 345, 506, 672
404, 345, 505, 672
405, 345, 507, 672
405, 345, 507, 672
404, 345, 507, 672
404, 346, 507, 672
399, 340, 499, 662
404, 346, 507, 672
403, 345, 506, 672
404, 348, 506, 671
404, 345, 507, 672
404, 346, 507, 671
404, 345, 508, 671
404, 344, 507, 671
401, 342, 501, 665
405, 345, 506, 671
404, 344, 506, 672
403, 345, 506, 672
404, 345, 507, 672
404, 345, 507, 672
404, 346, 507, 671
405, 345, 507, 672
403, 344, 506, 671
404, 345, 507, 672
406, 345, 506, 671
404, 346, 507, 672
404, 344, 507, 671
404, 344, 506, 670
404, 345, 508, 670
405, 345, 507, 672
404, 345, 507, 672
405, 345, 506, 672
404, 345, 506, 670
404, 345, 508, 674
404, 345, 507, 672
404, 344, 507, 672
405, 345, 506, 672
404, 345, 507, 673
405, 344, 506, 672
404, 345, 507, 672
404, 345, 507, 672
402, 347, 509, 674
404, 345, 507, 672
404, 345, 507, 673
406, 346, 507, 673
404, 345, 507, 672
404, 344, 506, 672
405, 345, 507, 672
404, 344, 507, 672
406, 345, 506, 675
405, 345, 508, 672
403, 344, 506, 671
406, 345, 507, 672
405, 344, 507, 671
405, 345, 506, 672
405, 346, 508, 671
405, 345, 506, 670
405, 342, 510, 676
404, 345, 507, 672
405, 345, 506, 672
406, 345, 507, 672
405, 345, 506, 671
405, 344, 507, 672
404, 344, 507, 671
405, 345, 507, 672
407, 348, 508, 671
404, 344, 506, 672
403, 344, 506, 671
405, 345, 507, 671
404, 344, 506, 672
405, 344, 506, 672
404, 344, 507, 671
403, 344, 507, 672
404, 345, 508, 672
405, 346, 507, 672
404, 345, 506, 672
404, 348, 506, 672
404, 345, 506, 672
405, 345, 507, 672
404, 346, 507, 673
404, 345, 507, 671
401, 345, 504, 668
404, 344, 507, 671
404, 345, 507, 671
416, 345, 507, 672
404, 345, 507, 671
404, 344, 507, 672
405, 345, 507, 671
405, 345, 505, 672
400, 344, 504, 668
405, 345, 506, 672
404, 345, 506, 671
403, 345, 508, 672
404, 344, 507, 671
405, 345, 507, 672
405, 346, 507, 672
404, 345, 507, 673
397, 342, 500, 665
405, 344, 507, 672
405, 345, 506, 671
404, 345, 507, 672
404, 345, 507, 672
404, 345, 507, 671
397, 346, 507, 671
405, 345, 507, 672
404, 345, 506, 671
404, 345, 507, 672
405, 345, 508, 670
398, 339, 499, 660
404, 345, 506, 672
404, 344, 507, 671
394, 345, 508, 672
404, 345, 507, 672
404, 342, 506, 671
405, 344, 507, 672
404, 345, 507, 672
399, 340, 500, 662
405, 345, 507, 671
404, 345, 506, 671
419, 344, 507, 671
405, 345, 508, 671
404, 346, 506, 672
403, 345, 507, 672
405, 345, 507, 672
403, 341, 504, 667
404, 347, 508, 672
406, 345, 507, 672
401, 345, 507, 670
404, 345, 507, 672
404, 345, 506, 671
404, 345, 506, 671
404, 345, 507, 672
405, 345, 507, 672
405, 345, 507, 671
404, 346, 506, 672
407, 346, 507, 674
405, 346, 507, 673
404, 344, 507, 672
405, 345, 507, 672
405, 346, 507, 672
407, 345, 506, 672
404, 345, 506, 672
404, 345, 506, 672
406, 347, 508, 674
404, 345, 506, 672
404, 343, 506, 671
405, 344, 506, 672
405, 345, 506, 672
405, 345, 507, 672
405, 345, 507, 672
405, 345, 507, 672
416, 345, 509, 674
404, 344, 507, 671
405, 345, 506, 671
405, 345, 508, 673
405, 346, 507, 672
403, 345, 506, 672
404, 345, 507, 672
405, 345, 508, 672
417, 348, 509, 675
405, 346, 506, 672
405, 345, 507, 671
405, 345, 507, 672
405, 346, 507, 673
405, 346, 507, 671
405, 345, 505, 672
405, 345, 506, 672
403, 345, 504, 673
405, 346, 507, 672
404, 345, 506, 671
405, 345, 508, 672
405, 345, 507, 672
404, 344, 507, 671
404, 345, 507, 672
405, 345, 507, 672
404, 346, 505, 672
404, 345, 507, 671
404, 345, 507, 672
414, 345, 507, 672
404, 345, 508, 672
404, 345, 507, 672
405, 345, 506, 672
404, 345, 507, 672
403, 347, 506, 670
405, 345, 506, 673
406, 345, 507, 672
404, 345, 507, 668
405, 346, 506, 673
405, 345, 507, 672
405, 345, 507, 671
404, 344, 507, 672
403, 345, 504, 662
405, 345, 506, 672
406, 345, 506, 672
404, 345, 506, 671
404, 345, 507, 672
404, 345, 505, 671
405, 345, 506, 673
405, 345, 506, 672
400, 341, 502, 665
405, 345, 506, 672
404, 345, 506, 672
404, 345, 505, 672
405, 345, 507, 672
405, 345, 507, 672
404, 345, 507, 672
404, 346, 507, 672
399, 340, 499, 662
404, 346, 507, 672
403, 345, 506, 672
404, 348, 506, 671
404, 345, 507, 672
404, 346, 507, 671
404, 345, 508, 671
404, 344, 507, 671
401, 342, 501, 665
405, 345, 506, 671
404, 344, 506, 672
403, 345, 506, 672
404, 345, 507, 672
404, 345, 507, 672
404, 346, 507, 671
405, 345, 507, 672
403, 344, 506, 671
404, 345, 507, 672
406, 345, 506, 671
404, 346, 507, 672
404, 344, 507, 671
404, 344, 506, 670
404, 345, 508, 670
405, 345, 507, 672
404, 345, 507, 672
405, 345, 506, 672
404, 345, 506, 670
404, 345, 508, 674
404, 345, 507, 672
404, 344, 507, 672
405, 345, 506, 672
404, 345, 507, 673
405, 344, 506, 672
404, 345, 507, 672
404, 345, 507, 672
402, 347, 509, 674
404, 345, 507, 672
404, 345, 507, 673
406, 346, 507, 673
404, 345, 507, 672
404, 344, 506, 672
405, 345, 507, 672
404, 344, 507, 672
406, 345, 506, 675
405, 345, 508, 672
403, 344, 506, 671
406, 345, 507, 672
405, 344, 507, 671
405, 345, 506, 672
405, 346, 508, 671
405, 345, 506, 670
405, 342, 510, 676
404, 345, 507, 672
405, 345, 506, 672
406, 345, 507, 672
405, 345, 506, 671
405, 344, 507, 672
404, 344, 507, 671
405, 345, 507, 672
407, 348, 508, 671
404, 344, 506, 672
403, 344, 506, 671
405, 345, 507, 671
404, 344, 506, 672
405, 344, 506, 672
404, 344, 507, 671
403, 344, 507, 672
404, 345, 508, 672
405, 346, 507, 672
404, 345, 506, 672
404, 348, 506, 672
404, 345, 506, 672
405, 345, 507, 672
404, 346, 507, 673
404, 345, 507, 671
401, 345, 504, 668
404, 344, 507, 671
404, 345, 507, 671
416, 345, 507, 672
404, 345, 507, 671
404, 344, 507, 672
405, 345, 507, 671
405, 345, 505, 672
400, 344, 504, 668
405, 345, 506, 672
404, 345, 506, 671
403, 345, 508, 672
404, 344, 507, 671
405, 345, 507, 672
405, 346, 507, 672
404, 345, 507, 673
397, 342, 500, 665
405, 344, 507, 672
405, 345, 506, 671
404, 345, 507, 672
404, 345, 507, 672

407, 344, 513, 675
404, 343, 509, 671
406, 344, 513, 675
406, 345, 513, 676
406, 345, 513, 674
406, 345, 513, 675
406, 345, 515, 676
406, 345, 513, 674
406, 345, 513, 675
405, 343, 511, 672
406, 345, 513, 675
405, 346, 513, 675
406, 345, 513, 676
406, 345, 514, 675
406, 345, 513, 676
406, 345, 514, 676
406, 346, 514, 675
406, 344, 513, 674
405, 344, 513, 677
405, 345, 513, 676
408, 347, 515, 677
406, 346, 514, 676
406, 346, 513, 676
406, 345, 514, 675
406, 345, 514, 676
406, 345, 513, 675
405, 345, 514, 676
406, 345, 513, 675
408, 346, 516, 675
406, 345, 514, 676
406, 344, 514, 675
406, 345, 514, 675
406, 345, 514, 675
406, 345, 514, 675
406, 346, 514, 675
406, 345, 514, 675
411, 347, 517, 679
407, 346, 514, 676
407, 345, 513, 675
409, 346, 515, 676
406, 345, 513, 676
407, 345, 514, 676
406, 345, 513, 676
406, 345, 513, 675
408, 347, 517, 680
407, 346, 513, 675
407, 345, 514, 674
406, 345, 514, 676
407, 344, 514, 676
406, 345, 514, 675
406, 346, 516, 675
405, 345, 514, 675
405, 351, 517, 678
406, 346, 514, 676
405, 344, 513, 675
406, 346, 514, 675
408, 346, 514, 676
406, 345, 514, 675
406, 345, 514, 675
407, 345, 514, 675
407, 347, 517, 677
407, 347, 514, 676
407, 345, 513, 676
407, 346, 514, 676
407, 345, 514, 676
407, 345, 514, 676
407, 345, 514, 675
406, 346, 513, 676
410, 345, 513, 675
407, 345, 513, 675
406, 346, 513, 676
406, 345, 514, 679
407, 346, 514, 676
405, 345, 514, 676
407, 345, 514, 676
406, 345, 514, 675
406, 338, 513, 673
407, 345, 515, 675
407, 346, 514, 676
406, 346, 512, 676
408, 345, 515, 677
406, 345, 514, 676
407, 347, 514, 676
407, 347, 514, 676
405, 344, 512, 670
407, 345, 515, 676
407, 346, 514, 676
409, 342, 515, 677
406, 346, 514, 677
407, 345, 514, 676
407, 346, 515, 676
408, 346, 514, 676
402, 341, 511, 669
407, 345, 514, 676
407, 345, 514, 676
406, 345, 511, 677
408, 345, 513, 676
406, 345, 514, 675
408, 345, 516, 675
407, 344, 514, 676
399, 339, 505, 667
406, 347, 515, 676
407, 346, 515, 675
406, 345, 516, 675
407, 346, 514, 676
406, 345, 515, 676
408, 346, 513, 676
407, 345, 514, 676
401, 340, 508, 665
407, 346, 515, 676
407, 345, 514, 676
406, 346, 514, 677
407, 346, 514, 676
407, 345, 513, 676
407, 346, 513, 676
407, 346, 514, 677
406, 344, 513, 673
407, 345, 515, 676
407, 345, 515, 676
407, 346, 514, 677
408, 346, 517, 676
408, 346, 514, 676
408, 345, 515, 676
407, 345, 514, 676
406, 345, 512, 674
407, 346, 515, 676
408, 345, 513, 676
408, 346, 515, 676
407, 346, 515, 676
406, 345, 516, 676
408, 346, 515, 676
407, 345, 515, 676
408, 345, 513, 675
409, 346, 516, 676
407, 345, 514, 676
408, 347, 516, 678
407, 346, 514, 677
407, 345, 514, 675
407, 347, 515, 676
408, 345, 516, 676
407, 345, 515, 676
408, 346, 515, 676
407, 345, 514, 677
409, 347, 516, 678
407, 346, 515, 676
407, 345, 514, 676
407, 346, 514, 676
406, 346, 514, 677
408, 345, 514, 676
408, 347, 515, 677
408, 345, 515, 676
416, 347, 518, 679
407, 346, 516, 677
407, 345, 515, 676
407, 346, 515, 676
407, 346, 514, 676
407, 345, 515, 676
407, 345, 514, 675
407, 345, 515, 676
414, 348, 519, 679
408, 346, 515, 676
407, 346, 514, 676
407, 346, 515, 677
408, 346, 514, 676
407, 346, 515, 676
407, 346, 515, 677
407, 347, 515, 676
408, 348, 516, 681
408, 346, 514, 677
407, 345, 515, 676
407, 346, 516, 676
407, 346, 516, 677
406, 345, 514, 676
408, 346, 515, 676
407, 345, 514, 676
410, 347, 516, 681
407, 345, 515, 676
407, 345, 514, 677
408, 345, 515, 676
409, 345, 515, 677
407, 346, 514, 676
408, 345, 515, 677
408, 346, 514, 676
395, 347, 516, 676
408, 347, 515, 676
407, 346, 514, 676
409, 347, 515, 677
408, 346, 514, 676
407, 345, 514, 676
407, 346, 515, 676
408, 346, 515, 676
404, 344, 515, 666
408, 347, 515, 677
408, 345, 515, 676
407, 345, 511, 677
407, 346, 515, 676
408, 347, 514, 676
407, 346, 513, 677
407, 345, 515, 676
405, 344, 513, 674
407, 347, 515, 677
407, 346, 515, 676
407, 347, 515, 676
407, 346, 515, 676
407, 346, 514, 676
407, 345, 516, 676
407, 345, 515, 676
405, 344, 511, 672
407, 345, 514, 676
408, 346, 515, 676
408, 347, 517, 675
407, 345, 515, 676
408, 344, 515, 676
407, 346, 514, 677
407, 346, 515, 676
408, 345, 514, 676
407, 346, 515, 677
407, 345, 514, 676
408, 345, 515, 676
408, 345, 514, 677
407, 345, 515, 676
407, 346, 514, 676
407, 345, 514, 676
401, 340, 506, 665
408, 345, 514, 676
406, 345, 514, 675
406, 345, 513, 676
407, 346, 514, 676
406, 345, 513, 675
407, 345, 516, 675
407, 346, 514, 676
402, 341, 507, 667
407, 345, 515, 675
406, 345, 515, 675
408, 340, 514, 675
407, 346, 513, 676
407, 345, 515, 675
406, 346, 515, 676
406, 345, 514, 676
407, 345, 515, 676
408, 346, 515, 676
407, 345, 514, 675
406, 347, 516, 678
406, 345, 515, 677
406, 345, 514, 676
406, 345, 515, 676
407, 345, 515, 676
407, 345, 514, 676
407, 346, 514, 676
407, 345, 515, 676
409, 346, 516, 678
406, 345, 514, 677
407, 346, 515, 676
407, 346, 514, 676
406, 345, 514, 676
407, 345, 514, 676
407, 345, 514, 676
407, 345, 515, 676
423, 344, 517, 680
405, 346, 514, 677
407, 345, 514, 676
407, 345, 514, 676
407, 345, 514, 676
406, 345, 515, 675
407, 346, 515, 676
406, 347, 514, 676
408, 349, 517, 678
406, 346, 514, 676
406, 345, 514, 675
407, 348, 515, 676
407, 346, 514, 676
407, 345, 513, 677
406, 345, 514, 677
407, 345, 514, 676
408, 347, 517, 677
407, 346, 515, 677
407, 346, 514, 676
407, 346, 514, 675
407, 345, 514, 676
407, 344, 514, 676
405, 345, 515, 677
406, 346, 514, 675
407, 347, 516, 678
407, 346, 513, 676
407, 345, 514, 675
407, 346, 515, 677
407, 345, 515, 676
404, 344, 514, 676
405, 347, 514, 676
407, 345, 513, 676
408, 343, 514, 677
407, 345, 514, 676
407, 345, 513, 675
406, 348, 514, 676
407, 345, 515, 675
407, 345, 513, 675
407, 345, 514, 676
407, 345, 514, 675
404, 344, 511, 672
407, 345, 514, 676
404, 346, 513, 676
406, 345, 514, 676
406, 345, 514, 676
406, 345, 513, 675
405, 345, 515, 676
407, 345, 514, 675
402, 341, 509, 669
407, 346, 514, 676
406, 345, 514, 676
408, 344, 514, 676
406, 346, 514, 676
407, 345, 514, 676
407, 345, 514, 676
407, 345, 514, 675
403, 342, 508, 669
406, 346, 514, 675
406, 345, 514, 675
407, 345, 514, 672
407, 345, 513, 676
405, 344, 513, 674
407, 345, 514, 676
407, 346, 514, 676
405, 345, 514, 676
407, 345, 514, 676
406, 345, 514, 675
406, 338, 513, 673
407, 345, 515, 675
407, 346, 514, 676
406, 346, 512, 676
408, 345, 515, 677
406, 345, 514, 676
407, 347, 514, 676
407, 347, 514, 676
405, 344, 512, 670
407, 345, 515, 676
407, 346, 514, 676
409, 342, 515, 677
406, 346, 514, 677
407, 345, 514, 676
407, 346, 515, 676
408, 346, 514, 676
402, 341, 511, 669
407, 345, 514, 676
407, 345, 514, 676
406, 345, 511, 677
408, 345, 513, 676
406, 345, 514, 675
408, 345, 516, 675
407, 344, 514, 676
399, 339, 505, 667
406, 347, 515, 676
407, 346, 515, 675
406, 345, 516, 675
407, 346, 514, 676
406, 345, 515, 676
408, 346, 513, 676
407, 345, 514, 676
401, 340, 508, 665
407, 346, 515, 676
407, 345, 514, 676
406, 346, 514, 677
407, 346, 514, 676
407, 345, 513, 676
407, 346, 513, 676
407, 346, 514, 677
406, 344, 513, 673
407, 345, 515, 676
407, 345, 515, 676
407, 346, 514, 677
408, 346, 517, 676
408, 346, 514, 676
408, 345, 515, 676
407, 345, 514, 676
406, 345, 512, 674
407, 346, 515, 676
408, 345, 513, 676
408, 346, 515, 676
407, 346, 515, 676
406, 345, 516, 676
408, 346, 515, 676
407, 345, 515, 676
408, 345, 513, 675
409, 346, 516, 676
407, 345, 514, 676
408, 347, 516, 678
407, 346, 514, 677
407, 345, 514, 675
407, 347, 515, 676
408, 345, 516, 676
407, 345, 515, 676
408, 346, 515, 676
407, 345, 514, 677
409, 347, 516, 678
407, 346, 515, 676
407, 345, 514, 676
407, 346, 514, 676
406, 346, 514, 677
408, 345, 514, 676
408, 347, 515, 677
408, 345, 515, 676
416, 347, 518, 679
407, 346, 516, 677
407, 345, 515, 676
407, 346, 515, 676
407, 346, 514, 676
407, 345, 515, 676
407, 345, 514, 675
407, 345, 515, 676
414, 348, 519, 679
408, 346, 515, 676
407, 346, 514, 676
407, 346, 515, 677
408, 346, 514, 676
407, 346, 515, 676
407, 346, 515, 677
407, 347, 515, 676
408, 348, 516, 681
408, 346, 514, 677
407, 345, 515, 676
407, 346, 516, 676
407, 346, 516, 677
406, 345, 514, 676
408, 346, 515, 676
407, 345, 514, 676
410, 347, 516, 681
407, 345, 515, 676
407, 345, 514, 677
408, 345, 515, 676
409, 345, 515, 677
407, 346, 514, 676
408, 345, 515, 677
408, 346, 514, 676
395, 347, 516, 676
408, 347, 515, 676
407, 346, 514, 676
409, 347, 515, 677
408, 346, 514, 676
407, 345, 514, 676
407, 346, 515, 676
408, 346, 515, 676
404, 344, 515, 666
408, 347, 515, 677
408, 345, 515, 676
407, 345, 511, 677
407, 346, 515, 676
408, 347, 514, 676
407, 346, 513, 677
407, 345, 515, 676
405, 344, 513, 674
407, 347, 515, 677
407, 346, 515, 676
407, 347, 515, 676
407, 346, 515, 676
407, 346, 514, 676
407, 345, 516, 676
407, 345, 515, 676
405, 344, 511, 672
407, 345, 514, 676
408, 346, 515, 676
408, 347, 517, 675
407, 345, 515, 676
408, 344, 515, 676
407, 346, 514, 677
407, 346, 515, 676
408, 345, 514, 676
407, 346, 515, 677
407, 345, 514, 676
408, 345, 515, 676
408, 345, 514, 677
407, 345, 515, 676
407, 346, 514, 676
407, 345, 514, 676
401, 340, 506, 665
408, 345, 514, 676
406, 345, 514, 675
406, 345, 513, 676
407, 346, 514, 676
406, 345, 513, 675
407, 345, 516, 675
407, 346, 514, 676
402, 341, 507, 667
407, 345, 515, 675
406, 345, 515, 675
408, 340, 514, 675
407, 346, 513, 676
407, 345, 515, 675
406, 346, 515, 676
406, 345, 514, 676
407, 345, 515, 676
408, 346, 515, 676
407, 345, 514, 675
406, 347, 516, 678
406, 345, 515, 677
406, 345, 514, 676
406, 345, 515, 676
407, 345, 515, 676
407, 345, 514, 676
407, 346, 514, 676
407, 345, 515, 676
409, 346, 516, 678
406, 345, 514, 677
407, 346, 515, 676
407, 346, 514, 676
406, 345, 514, 676
407, 345, 514, 676
407, 345, 514, 676
407, 345, 515, 676
423, 344, 517, 680
405, 346, 514, 677
407, 345, 514, 676
407, 345, 514, 676
407, 345, 514, 676
406, 345, 515, 675
407, 346, 515, 676
406, 347, 514, 676
408, 349, 517, 678
406, 346, 514, 676
406, 345, 514, 675
407, 348, 515, 676
407, 346, 514, 676
407, 345, 513, 677
406, 345, 514, 677
407, 345, 514, 676
408, 347, 517, 677
407, 346, 515, 677
407, 346, 514, 676
407, 346, 514, 675
407, 345, 514, 676
407, 344, 514, 676
405, 345, 515, 677
406, 346, 514, 675
407, 347, 516, 678
407, 346, 513, 676
407, 345, 514, 675
407, 346, 515, 677
407, 345, 515, 676
404, 344, 514, 676
405, 347, 514, 676
407, 345, 513, 676
408, 343, 514, 677
407, 345, 514, 676
407, 345, 513, 675
406, 348, 514, 676
407, 345, 515, 675
407, 345, 513, 675
407, 345, 514, 676
407, 345, 514, 675
404, 344, 511, 672
407, 345, 514, 676
404, 346, 513, 676
406, 345, 514, 676
406, 345, 514, 676
406, 345, 513, 675
405, 345, 515, 676
407, 345, 514, 675
402, 341, 509, 669
407, 346, 514, 676
406, 345, 514, 676
408, 344, 514, 676
406, 346, 514, 676
407, 345, 514, 676
407, 345, 514, 676
407, 345, 514, 675
403, 342, 508, 669
406, 346, 514, 675
406, 345, 514, 675
407, 345, 514, 672
407, 345, 513, 676
405, 344, 513, 674
407, 345, 514, 676

416, 353, 502, 664
416, 352, 501, 665
415, 353, 501, 664
415, 351, 501, 665
415, 353, 502, 665
415, 353, 501, 665
417, 353, 504, 668
415, 352, 502, 665
415, 351, 501, 664
415, 353, 503, 665
415, 353, 502, 664
415, 352, 501, 665
416, 352, 502, 666
414, 353, 502, 665
417, 350, 506, 667
415, 352, 502, 665
414, 352, 502, 664
416, 353, 502, 665
415, 352, 502, 666
415, 353, 501, 665
416, 354, 504, 666
415, 352, 503, 664
409, 353, 504, 666
415, 353, 502, 665
414, 352, 503, 664
416, 354, 502, 665
415, 352, 502, 665
414, 352, 501, 665
414, 354, 502, 666
415, 352, 501, 665
415, 352, 501, 663
414, 353, 501, 665
415, 352, 501, 664
415, 353, 500, 666
414, 352, 502, 664
415, 352, 502, 664
416, 353, 503, 666
415, 352, 501, 665
413, 351, 500, 662
414, 353, 501, 665
414, 353, 502, 665
415, 355, 502, 665
415, 352, 502, 665
415, 351, 502, 665
415, 353, 503, 666
416, 353, 502, 664
411, 350, 497, 660
414, 352, 502, 664
414, 352, 501, 664
415, 356, 502, 666
415, 353, 501, 664
415, 353, 502, 666
415, 353, 503, 665
414, 353, 501, 665
410, 349, 496, 658
414, 352, 502, 664
414, 353, 501, 664
419, 353, 502, 665
413, 353, 501, 664
413, 353, 501, 664
415, 353, 502, 665
415, 353, 502, 664
410, 346, 493, 653
416, 353, 502, 665
415, 352, 502, 665
414, 353, 502, 667
415, 352, 503, 664
415, 353, 502, 666
415, 353, 503, 665
415, 352, 502, 665
413, 351, 500, 663
413, 353, 501, 665
415, 351, 502, 666
416, 353, 502, 665
414, 353, 502, 664
415, 352, 502, 664
414, 353, 503, 665
415, 352, 502, 664
414, 353, 502, 665
415, 353, 502, 665
416, 352, 502, 665
417, 354, 503, 666
415, 353, 502, 664
415, 353, 502, 665
415, 354, 502, 665
414, 352, 502, 665
416, 353, 501, 665
416, 353, 501, 665
415, 353, 502, 665
418, 355, 505, 668
415, 354, 501, 665
415, 354, 502, 665
416, 353, 502, 665
414, 352, 501, 664
415, 353, 501, 665
416, 353, 503, 665
415, 352, 502, 665
422, 354, 504, 667
415, 352, 503, 665
415, 353, 502, 664
415, 353, 503, 665
415, 352, 502, 665
415, 353, 501, 665
415, 353, 502, 664
414, 351, 502, 665
417, 354, 504, 670
414, 353, 502, 664
414, 352, 501, 663
415, 353, 502, 665
415, 354, 501, 664
415, 353, 501, 665
415, 352, 502, 666
415, 352, 501, 664
418, 355, 504, 667
415, 353, 501, 665
413, 351, 502, 665
416, 353, 502, 664
415, 352, 502, 664
415, 353, 501, 664
415, 354, 502, 666
415, 353, 501, 665
418, 356, 505, 668
415, 353, 502, 665
414, 352, 501, 664
415, 354, 502, 666
415, 352, 502, 664
415, 353, 502, 664
415, 353, 502, 664
415, 352, 501, 664
399, 353, 502, 665
416, 352, 502, 665
416, 352, 502, 663
415, 354, 502, 666
415, 352, 501, 664
415, 354, 502, 664
416, 354, 503, 665
414, 352, 501, 664
399, 354, 501, 663
415, 352, 502, 664
414, 353, 501, 665
415, 352, 503, 665
414, 351, 501, 664
416, 352, 501, 665
415, 353, 502, 666
414, 352, 502, 664
419, 352, 500, 663
414, 352, 501, 664
414, 351, 500, 663
414, 352, 502, 666
414, 352, 501, 664
414, 353, 501, 664
415, 352, 503, 666
414, 352, 501, 663
412, 352, 495, 662
416, 351, 501, 663
414, 352, 502, 664
419, 351, 502, 665
415, 351, 502, 664
415, 352, 501, 664
416, 354, 501, 664
415, 351, 501, 664
411, 350, 497, 660
414, 352, 500, 664
414, 352, 501, 664
413, 352, 502, 665
415, 353, 500, 664
414, 352, 499, 662
415, 353, 503, 666
415, 352, 502, 665
409, 348, 496, 657
414, 352, 502, 664
414, 352, 501, 665
418, 353, 501, 665
414, 352, 501, 664
414, 352, 500, 664
414, 353, 502, 665
414, 352, 501, 663
412, 349, 498, 659
414, 352, 500, 664
414, 352, 501, 664
409, 354, 502, 664
415, 352, 501, 664
413, 352, 501, 664
415, 353, 502, 665
414, 352, 501, 664
414, 352, 501, 664
414, 352, 501, 664
414, 352, 501, 664
413, 352, 500, 664
415, 352, 500, 664
413, 351, 501, 664
415, 352, 501, 665
416, 351, 501, 663
414, 352, 501, 664
414, 352, 500, 665
414, 352, 501, 664
415, 353, 502, 666
414, 352, 501, 664
416, 353, 500, 663
415, 352, 502, 664
414, 350, 500, 663
414, 350, 500, 664
414, 352, 501, 663
414, 350, 501, 664
416, 353, 503, 667
414, 352, 501, 664
414, 352, 501, 663
414, 352, 500, 665
414, 352, 501, 664
414, 352, 501, 664
414, 350, 500, 664
414, 352, 501, 664
417, 354, 502, 666
414, 352, 501, 663
412, 352, 501, 664
414, 353, 502, 664
414, 352, 501, 663
413, 352, 500, 664
414, 352, 501, 664
414, 352, 501, 664
414, 354, 502, 667
414, 352, 502, 664
414, 351, 501, 664
415, 352, 502, 664
414, 352, 499, 664
413, 352, 501, 664
415, 352, 501, 664
414, 352, 500, 663
415, 352, 503, 667
414, 352, 500, 664
414, 352, 501, 664
414, 353, 502, 664
413, 351, 500, 664
414, 350, 499, 664
414, 352, 502, 666
414, 353, 500, 664
415, 353, 500, 667
414, 352, 501, 663
413, 351, 500, 663
415, 352, 501, 665
413, 352, 500, 663
414, 352, 501, 664
416, 352, 502, 665
413, 352, 500, 664
427, 353, 504, 667
414, 351, 501, 664
414, 352, 500, 664
415, 352, 502, 664
414, 351, 500, 663
414, 352, 500, 663
414, 353, 501, 666
414, 352, 500, 664
419, 355, 502, 667
414, 352, 499, 664
413, 352, 500, 664
416, 344, 502, 664
413, 351, 501, 664
414, 352, 500, 664
415, 353, 501, 664
414, 353, 500, 663
420, 352, 502, 664
414, 352, 500, 664
414, 352, 500, 663
410, 352, 501, 663
413, 351, 500, 663
415, 352, 500, 664
414, 352, 501, 665
414, 352, 500, 664
412, 352, 500, 663
413, 352, 501, 663
414, 352, 501, 663
414, 352, 502, 667
414, 352, 501, 664
415, 353, 502, 666
415, 353, 503, 665
414, 353, 501, 665
410, 349, 496, 658
414, 352, 502, 664
414, 353, 501, 664
419, 353, 502, 665
413, 353, 501, 664
413, 353, 501, 664
415, 353, 502, 665
415, 353, 502, 664
410, 346, 493, 653
416, 353, 502, 665
415, 352, 502, 665
414, 353, 502, 667
415, 352, 503, 664
415, 353, 502, 666
415, 353, 503, 665
415, 352, 502, 665
413, 351, 500, 663
413, 353, 501, 665
415, 351, 502, 666
416, 353, 502, 665
414, 353, 502, 664
415, 352, 502, 664
414, 353, 503, 665
415, 352, 502, 664
414, 353, 502, 665
415, 353, 502, 665
416, 352, 502, 665
417, 354, 503, 666
415, 353, 502, 664
415, 353, 502, 665
415, 354, 502, 665
414, 352, 502, 665
416, 353, 501, 665
416, 353, 501, 665
415, 353, 502, 665
418, 355, 505, 668
415, 354, 501, 665
415, 354, 502, 665
416, 353, 502, 665
414, 352, 501, 664
415, 353, 501, 665
416, 353, 503, 665
415, 352, 502, 665
422, 354, 504, 667
415, 352, 503, 665
415, 353, 502, 664
415, 353, 503, 665
415, 352, 502, 665
415, 353, 501, 665
415, 353, 502, 664
414, 351, 502, 665
417, 354, 504, 670
414, 353, 502, 664
414, 352, 501, 663
415, 353, 502, 665
415, 354, 501, 664
415, 353, 501, 665
415, 352, 502, 666
415, 352, 501, 664
418, 355, 504, 667
415, 353, 501, 665
413, 351, 502, 665
416, 353, 502, 664
415, 352, 502, 664
415, 353, 501, 664
415, 354, 502, 666
415, 353, 501, 665
418, 356, 505, 668
415, 353, 502, 665
414, 352, 501, 664
415, 354, 502, 666
415, 352, 502, 664
415, 353, 502, 664
415, 353, 502, 664
415, 352, 501, 664
399, 353, 502, 665
416, 352, 502, 665
416, 352, 502, 663
415, 354, 502, 666
415, 352, 501, 664
415, 354, 502, 664
416, 354, 503, 665
414, 352, 501, 664
399, 354, 501, 663
415, 352, 502, 664
414, 353, 501, 665
415, 352, 503, 665
414, 351, 501, 664
416, 352, 501, 665
415, 353, 502, 666
414, 352, 502, 664
419, 352, 500, 663
414, 352, 501, 664
414, 351, 500, 663
414, 352, 502, 666
414, 352, 501, 664
414, 353, 501, 664
415, 352, 503, 666
414, 352, 501, 663
412, 352, 495, 662
416, 351, 501, 663
414, 352, 502, 664
419, 351, 502, 665
415, 351, 502, 664
415, 352, 501, 664
416, 354, 501, 664
415, 351, 501, 664
411, 350, 497, 660
414, 352, 500, 664
414, 352, 501, 664
413, 352, 502, 665
415, 353, 500, 664
414, 352, 499, 662
415, 353, 503, 666
415, 352, 502, 665
409, 348, 496, 657
414, 352, 502, 664
414, 352, 501, 665
418, 353, 501, 665
414, 352, 501, 664
414, 352, 500, 664
414, 353, 502, 665
414, 352, 501, 663
412, 349, 498, 659
414, 352, 500, 664
414, 352, 501, 664
409, 354, 502, 664
415, 352, 501, 664
413, 352, 501, 664
415, 353, 502, 665
414, 352, 501, 664
414, 352, 501, 664
414, 352, 501, 664
414, 352, 501, 664
413, 352, 500, 664
415, 352, 500, 664
413, 351, 501, 664
415, 352, 501, 665
416, 351, 501, 663
414, 352, 501, 664
414, 352, 500, 665
414, 352, 501, 664
415, 353, 502, 666
414, 352, 501, 664
416, 353, 500, 663
415, 352, 502, 664
414, 350, 500, 663
414, 350, 500, 664
414, 352, 501, 663
414, 350, 501, 664
416, 353, 503, 667
414, 352, 501, 664
414, 352, 501, 663
414, 352, 500, 665
414, 352, 501, 664
414, 352, 501, 664
414, 350, 500, 664
414, 352, 501, 664
417, 354, 502, 666
414, 352, 501, 663
412, 352, 501, 664
414, 353, 502, 664
414, 352, 501, 663
413, 352, 500, 664
414, 352, 501, 664
414, 352, 501, 664
414, 354, 502, 667
414, 352, 502, 664
414, 351, 501, 664
415, 352, 502, 664
414, 352, 499, 664
413, 352, 501, 664
415, 352, 501, 664
414, 352, 500, 663
415, 352, 503, 667
414, 352, 500, 664
414, 352, 501, 664
414, 353, 502, 664
413, 351, 500, 664
414, 350, 499, 664
414, 352, 502, 666
414, 353, 500, 664
415, 353, 500, 667
414, 352, 501, 663
413, 351, 500, 663
415, 352, 501, 665
413, 352, 500, 663
414, 352, 501, 664
416, 352, 502, 665
413, 352, 500, 664
427, 353, 504, 667
414, 351, 501, 664
414, 352, 500, 664
415, 352, 502, 664
414, 351, 500, 663
414, 352, 500, 663
414, 353, 501, 666
414, 352, 500, 664
419, 355, 502, 667
414, 352, 499, 664
413, 352, 500, 664
416, 344, 502, 664
413, 351, 501, 664
414, 352, 500, 664
415, 353, 501, 664
414, 353, 500, 663
420, 352, 502, 664
414, 352, 500, 664
414, 352, 500, 663
410, 352, 501, 663
413, 351, 500, 663
415, 352, 500, 664
414, 352, 501, 665
414, 352, 500, 664
412, 352, 500, 663
413, 352, 501, 663
414, 352, 501, 663
414, 352, 502, 667
414, 352, 501, 664

406, 347, 498, 662
408, 346, 499, 664
407, 347, 497, 663
407, 345, 499, 662
408, 347, 499, 664
407, 346, 497, 664
413, 349, 500, 665
407, 346, 498, 663
407, 347, 497, 664
407, 348, 499, 664
407, 347, 499, 663
408, 347, 498, 663
407, 346, 499, 665
407, 347, 498, 663
409, 349, 503, 666
408, 347, 499, 664
408, 347, 498, 664
408, 348, 499, 664
407, 347, 499, 664
408, 347, 499, 663
408, 348, 500, 665
408, 346, 499, 664
408, 348, 500, 666
407, 346, 498, 663
407, 345, 497, 663
409, 348, 499, 665
408, 346, 500, 664
408, 347, 499, 663
408, 348, 498, 664
407, 347, 499, 664
408, 349, 495, 665
409, 348, 499, 664
408, 346, 499, 664
408, 345, 499, 664
407, 346, 498, 663
407, 347, 499, 663
408, 348, 500, 664
407, 346, 499, 663
406, 347, 497, 668
407, 347, 499, 663
407, 347, 497, 663
408, 345, 501, 664
407, 347, 499, 663
407, 346, 498, 663
409, 347, 500, 664
407, 346, 498, 664
406, 345, 497, 653
408, 346, 498, 663
407, 346, 498, 663
410, 345, 499, 663
408, 345, 498, 663
407, 346, 498, 662
407, 347, 499, 664
406, 345, 497, 662
401, 342, 492, 656
407, 346, 498, 663
407, 346, 497, 662
419, 346, 498, 663
406, 346, 498, 662
407, 347, 497, 663
407, 347, 499, 663
406, 347, 497, 663
398, 338, 487, 653
407, 346, 497, 662
406, 347, 497, 663
406, 348, 497, 664
407, 345, 497, 662
407, 346, 498, 663
407, 347, 498, 664
406, 347, 498, 662
406, 345, 496, 662
407, 347, 498, 663
407, 346, 498, 663
408, 347, 499, 665
407, 347, 499, 662
406, 345, 499, 662
407, 346, 498, 663
408, 347, 499, 663
405, 347, 498, 662
408, 346, 497, 664
407, 346, 498, 662
409, 348, 500, 665
407, 346, 498, 663
406, 347, 498, 663
407, 347, 498, 663
407, 347, 498, 663
407, 346, 497, 662
406, 347, 498, 663
406, 345, 497, 661
410, 348, 500, 666
406, 347, 498, 663
407, 347, 498, 663
406, 347, 499, 663
407, 346, 498, 663
407, 347, 499, 662
408, 348, 499, 664
407, 347, 498, 663
409, 349, 499, 667
407, 347, 498, 664
407, 348, 498, 664
406, 348, 499, 664
407, 346, 498, 664
407, 347, 498, 663
408, 347, 499, 664
407, 347, 498, 662
407, 350, 501, 665
407, 346, 498, 663
407, 347, 498, 663
408, 349, 499, 664
406, 347, 497, 663
407, 347, 498, 662
408, 348, 499, 664
407, 346, 497, 663
405, 347, 493, 663
407, 346, 498, 663
407, 346, 497, 663
406, 347, 497, 665
406, 346, 497, 663
407, 346, 498, 662
407, 347, 499, 664
406, 347, 498, 664
406, 345, 498, 660
407, 346, 498, 663
407, 346, 496, 663
405, 347, 497, 663
406, 346, 497, 663
407, 347, 497, 663
408, 347, 499, 664
407, 347, 497, 663
404, 344, 495, 659
407, 347, 498, 663
406, 347, 498, 663
420, 345, 499, 663
407, 347, 498, 663
407, 347, 498, 663
408, 347, 499, 664
407, 347, 497, 663
402, 342, 492, 656
406, 346, 496, 663
406, 347, 497, 663
407, 344, 499, 663
407, 346, 496, 663
407, 347, 498, 662
407, 347, 497, 663
406, 347, 497, 662
398, 338, 490, 652
406, 346, 497, 662
406, 346, 498, 663
418, 346, 499, 663
407, 345, 497, 662
406, 346, 498, 663
407, 348, 499, 663
406, 345, 497, 662
399, 340, 487, 650
407, 346, 498, 663
407, 346, 498, 663
406, 347, 498, 667
407, 346, 497, 663
406, 347, 497, 662
407, 347, 499, 663
406, 346, 498, 662
401, 341, 490, 652
406, 346, 498, 663
406, 346, 498, 662
405, 347, 495, 663
406, 346, 498, 663
407, 345, 497, 662
407, 347, 498, 663
406, 346, 497, 662
403, 343, 493, 656
406, 345, 496, 663
406, 346, 497, 663
407, 346, 498, 659
406, 346, 498, 663
406, 347, 498, 663
407, 347, 499, 663
406, 346, 497, 663
405, 345, 496, 661
406, 346, 497, 664
406, 346, 498, 662
407, 347, 499, 664
406, 346, 498, 663
406, 346, 497, 663
406, 347, 497, 663
406, 345, 497, 662
407, 345, 498, 662
407, 346, 498, 662
406, 346, 497, 663
408, 349, 500, 666
406, 346, 498, 663
406, 346, 497, 663
408, 346, 498, 663
407, 346, 497, 663
407, 346, 496, 663
407, 347, 498, 662
406, 346, 495, 661
407, 350, 500, 665
406, 347, 498, 663
405, 345, 497, 662
407, 346, 497, 662
406, 345, 497, 663
406, 346, 497, 662
406, 346, 498, 663
406, 345, 498, 662
407, 348, 500, 667
406, 347, 498, 662
406, 346, 497, 662
407, 348, 498, 664
406, 345, 498, 662
407, 347, 496, 662
407, 348, 498, 664
406, 345, 497, 662
408, 349, 501, 665
406, 345, 498, 662
406, 345, 498, 662
407, 346, 498, 663
406, 346, 496, 662
405, 346, 497, 662
406, 347, 497, 663
406, 346, 497, 663
407, 348, 499, 669
406, 346, 497, 662
406, 346, 496, 662
407, 346, 498, 662
406, 346, 497, 662
406, 346, 497, 664
407, 346, 499, 663
406, 346, 497, 663
406, 346, 496, 663
406, 345, 496, 663
406, 346, 497, 662
406, 350, 498, 662
405, 346, 496, 664
406, 345, 497, 662
407, 346, 498, 663
406, 346, 496, 662
405, 343, 497, 658
406, 346, 497, 665
405, 345, 497, 662
407, 346, 498, 662
408, 345, 497, 662
406, 345, 498, 662
407, 346, 497, 663
406, 345, 497, 662
405, 343, 494, 660
406, 345, 497, 662
406, 346, 497, 662
407, 346, 498, 663
407, 346, 497, 662
406, 346, 497, 663
406, 347, 498, 663
406, 346, 497, 663
404, 345, 494, 659
406, 345, 497, 662
406, 346, 497, 662
406, 347, 495, 663
405, 346, 497, 662
406, 346, 497, 663
406, 347, 498, 663
406, 345, 497, 662
401, 342, 492, 656
406, 346, 497, 662
406, 347, 498, 662
406, 347, 495, 664
405, 345, 496, 662
406, 346, 497, 662
407, 346, 498, 663
406, 346, 497, 663
398, 340, 488, 651
406, 345, 498, 662
405, 344, 497, 661
406, 341, 498, 662
405, 346, 496, 662
406, 347, 496, 662
406, 347, 497, 662
405, 345, 497, 662
405, 345, 495, 660
404, 347, 497, 661
406, 345, 495, 661
407, 346, 499, 663
405, 347, 496, 662
406, 346, 496, 662
407, 345, 497, 662
406, 345, 497, 661
406, 346, 496, 662
406, 345, 497, 661
405, 345, 496, 661
407, 346, 497, 664
406, 345, 496, 661
406, 345, 497, 663
407, 346, 497, 663
405, 346, 496, 662
406, 346, 497, 662
405, 346, 495, 663
405, 346, 497, 662
407, 347, 499, 664
405, 345, 495, 661
406, 345, 497, 662
406, 346, 496, 662
406, 345, 496, 662



409.9042146	348.7394636	499.0363985	663.3103448
			
			
136.7571684			
