843,648,420,717
844,649,420,717
844,648,420,717
844,648,419,716
844,649,420,717
844,649,421,717
848,653,425,719
844,649,419,716
844,649,419,717
844,649,419,717
845,650,418,718
845,649,419,717
845,650,421,717
845,647,420,717
845,648,419,717
843,649,420,718
846,649,421,718
845,648,420,716
846,648,418,717
845,648,420,717
843,649,421,717
843,650,419,717
846,649,419,718
844,649,418,717
845,649,419,717
844,649,418,717
844,649,420,717
844,646,421,718
846,649,419,717
845,647,420,717
845,648,421,717
845,649,420,718
844,649,420,718
843,649,421,717
849,653,422,722
844,649,420,717
845,649,419,717
844,649,420,718
846,649,420,717
845,650,420,717
860,652,419,719
845,650,419,717
845,648,420,717
844,649,420,718
847,649,420,717
845,649,418,718
844,651,419,717
841,647,421,717
845,648,420,717
846,650,419,717
845,648,420,717
844,649,419,717
846,649,420,719
846,649,419,717
845,651,421,717
845,649,420,717
846,649,420,717
843,648,419,718
845,649,419,717
844,648,420,717
843,648,419,715
844,649,419,717
845,649,420,717
845,650,418,717
846,650,420,718
844,649,419,717
844,651,420,717
843,649,419,717
850,654,425,722
845,650,419,717
844,649,419,717
845,650,420,718
845,650,421,718
845,649,420,718
844,648,418,716
845,650,420,718
845,649,418,717
845,648,420,717
844,649,420,717
844,648,420,717
844,647,419,718
850,653,423,722
846,649,419,717
846,649,420,717
845,650,420,717
845,649,420,718
845,648,419,717
844,650,419,717
848,651,421,718
845,648,419,717
845,649,419,717
845,649,420,718
845,649,421,717
845,649,420,718
838,643,415,711
850,655,422,716
845,649,419,716
846,647,420,717
845,648,421,717
845,648,420,717
846,650,420,718
843,646,419,717
850,653,422,722
844,649,420,718
845,648,419,717
845,649,419,717
845,649,419,716
845,649,419,717
847,651,417,720
845,650,420,717
845,649,420,718
846,649,420,717
845,651,420,717
845,650,420,716
845,649,420,717
839,646,419,715
845,650,419,717
844,649,420,718
845,649,420,717
845,649,420,717
845,650,420,717
845,649,419,717
848,651,420,719
845,649,419,718
846,649,419,717
845,650,420,717
846,650,420,717
845,649,420,717
834,639,413,706
851,653,422,722
845,649,419,717
844,651,418,717
845,649,419,717
845,649,420,717
844,649,419,717
845,648,418,717
845,648,419,717
844,649,420,716
845,649,420,717
845,649,420,717
845,650,419,717
845,650,420,718
850,651,421,719
846,648,419,717
844,649,418,717
845,649,420,717
844,649,419,717
845,648,420,716
844,649,420,718
845,650,420,715
845,649,420,717
843,649,419,718
845,648,420,717
844,649,420,717
845,649,420,718
845,649,420,717
849,652,421,720
846,649,421,718
846,649,420,717
845,649,419,717
845,649,421,718
844,649,420,718
841,646,418,714
850,651,423,724
846,649,419,717
845,649,420,717
845,649,420,717
845,648,419,717
846,647,419,717
844,649,421,718
845,650,420,717
846,649,420,719
845,650,420,717
843,650,420,718
846,650,420,717
845,649,419,718
846,651,422,721
845,649,418,717
845,649,420,717
845,649,421,717
844,649,419,717
844,649,420,718
845,649,419,718
846,650,421,718
847,649,421,718
845,649,419,717
846,649,420,718
845,649,419,717
844,648,421,717
844,650,419,717
847,651,420,719
844,649,420,717
845,649,420,718
846,649,420,717
845,649,419,717
846,650,421,717
835,641,414,708
851,654,422,723
845,649,419,717
847,648,421,717
846,648,420,718
845,649,420,717
845,649,419,717
845,649,419,716
845,649,420,717
844,650,420,718
845,649,418,717
844,649,421,717
844,650,419,718
845,650,420,718
843,648,420,716
845,648,422,717
845,649,420,717
845,647,421,718
846,649,420,717
845,649,420,718
845,649,420,717
838,643,417,715
844,650,421,717
846,648,420,717
845,650,419,717
846,649,420,718
846,649,419,717
845,650,420,718
848,651,422,720
845,648,420,718
846,650,419,717
845,648,419,717
845,648,419,718
845,649,421,717
843,648,422,717
845,649,418,718
846,649,420,718
845,650,419,718
845,650,419,718
845,651,421,717
845,650,420,718
852,649,420,723
849,654,422,721
846,649,419,717
844,649,419,718
844,649,421,718
842,649,420,718
845,649,422,718
843,648,421,716
845,648,420,717
845,648,421,718
845,648,420,717
844,649,420,717
845,648,418,718
844,649,419,717
849,653,421,722
844,648,420,717
845,648,420,717
844,649,419,718
845,649,420,718
845,650,421,717
846,650,420,717
847,650,420,717
844,648,419,717
844,649,420,716
844,649,420,717
845,649,421,717
845,649,418,717
843,648,419,717
843,649,420,717
844,647,419,717
844,649,419,716
844,648,419,717
844,649,419,717
844,648,420,717
844,649,420,721
849,653,423,721
845,648,418,717
844,648,419,717
844,648,421,718
843,649,419,717
846,648,421,717
847,651,420,720
843,647,419,716
845,649,420,718
845,648,419,717
844,649,420,717
845,648,420,717
845,649,419,716
849,652,423,722
845,649,419,717
844,648,421,716
845,648,417,716
845,648,419,717
847,647,420,718
845,646,419,717
839,650,421,716
845,647,418,719
845,649,419,717
845,650,419,716
844,649,420,717
844,651,420,717
845,650,419,717
845,648,418,717
844,648,419,716
845,649,420,717
844,648,419,717
845,648,419,717
845,649,420,716
844,648,421,717
850,653,422,721
845,649,420,717
845,649,419,716
845,647,420,717
845,649,419,717
845,649,419,717
847,649,421,719
845,649,419,717
845,649,420,717
845,648,420,717
844,648,420,717
845,649,420,719
845,648,417,717
845,651,422,720
846,648,419,718
846,651,421,718
845,649,419,717
845,649,420,717
845,649,420,717
845,649,420,717
844,651,420,715
845,649,419,717
844,649,421,717
846,648,420,718
844,648,421,717
847,650,421,718
845,650,420,718
845,649,421,718
846,649,421,718
846,650,420,717
844,649,420,718
845,649,420,718
845,649,419,717
828,637,414,704
845,650,420,717
845,646,418,718
844,649,420,718
846,649,421,718
845,648,420,717
844,649,419,717
844,651,422,718
844,650,420,718
846,650,421,718
845,650,419,718
844,649,420,717
845,649,420,718
845,650,422,718
847,651,422,720
845,649,420,718
845,650,420,717
845,649,418,718
845,648,421,719
845,649,420,718
844,647,421,717
846,648,420,721
844,649,421,719
844,649,421,718
845,648,421,717
844,649,421,718
846,650,420,719
845,648,421,717
846,650,421,719
846,650,420,719
845,649,420,718
845,649,420,718
846,650,419,718
846,650,420,718
845,650,425,718
850,654,424,722
846,649,420,717
845,649,420,718
846,649,420,718
846,651,421,718
845,649,420,718
848,650,421,724
847,651,421,719
846,650,420,718
844,651,420,718
846,649,420,717
844,650,421,719
845,650,421,718
853,652,422,723
846,651,421,718
846,650,421,718
846,650,420,719
845,649,421,718
844,650,420,718
846,650,420,717
850,653,422,721
846,649,420,718
846,650,422,718
845,650,421,718
846,649,421,718
845,649,421,720
845,650,420,718
845,650,421,718
845,650,421,718
845,650,421,718
846,651,421,717
846,650,421,718
846,650,420,718
830,637,414,719
851,654,423,722
846,650,422,718
846,648,421,719
845,650,423,719
846,650,420,718
845,649,421,718
848,652,422,718
849,652,423,720
845,650,423,718
846,650,421,718
845,649,421,717
846,650,421,718
846,650,421,718
859,652,421,722
846,650,421,718
845,650,421,718
846,650,421,718
845,650,421,718
846,650,420,718
845,650,421,718
844,650,421,719
846,649,422,718
845,650,420,718
846,650,421,719
845,649,421,718
845,650,419,719
847,650,420,717
848,648,419,714
850,647,420,712
850,650,420,713
848,647,420,714
850,648,420,714
848,649,421,714
849,648,420,714
838,640,415,704
850,648,420,714
849,649,420,714
850,648,420,714
849,648,420,714
849,648,422,713
849,648,420,714
850,650,419,710
849,649,420,714
849,648,420,715
849,648,420,713
849,647,421,714
850,649,421,713
848,649,421,714
849,647,421,713
850,649,420,715
849,648,421,713
850,648,421,713
848,648,420,713
849,648,421,713
849,648,420,714
846,647,418,713
851,649,420,715
849,650,421,714
849,648,419,714
850,649,420,713
849,649,420,714
851,650,422,714
849,646,421,714
848,648,420,713
849,649,420,714
849,648,420,714
849,649,421,714
849,648,420,714
842,643,417,707
853,651,421,711
849,649,420,713
849,648,421,714
850,648,421,714
850,649,420,713
849,648,422,714
849,648,421,718
852,652,423,717
850,649,421,715
850,647,422,714
850,647,421,714
847,648,419,713
849,648,422,713
851,650,419,716
850,648,420,714
849,648,422,714
850,648,421,714
849,648,419,714
849,648,418,714
848,649,421,714
833,636,413,700
849,648,421,713
849,648,420,714
849,650,420,713
849,647,420,714
848,648,420,715
850,647,420,714
852,651,422,716
849,649,421,714
850,649,420,713
849,647,421,714
848,647,420,714
849,649,421,714
857,647,420,713
853,652,425,715
850,649,420,715
850,648,420,715
850,649,421,714
848,648,420,714
850,649,422,715
847,647,420,712
849,649,421,713
849,648,422,714
849,647,419,714
849,648,421,715
850,648,420,714
849,649,421,714
850,648,421,714
852,651,422,716
849,647,421,714
848,649,421,713
849,649,419,714
850,649,421,714
847,648,422,714
863,651,423,720
849,649,421,714
849,649,421,715
850,646,421,715
849,649,421,714
849,649,419,713
849,649,422,714
844,645,420,714
850,649,421,714
850,650,421,713
849,649,420,714
849,648,421,714
850,649,421,714
849,649,418,714
850,651,423,716
850,649,422,714
849,648,421,715
850,650,421,714
849,649,421,714
849,648,421,714
843,643,417,708
849,650,421,714
850,650,421,715
849,649,421,714
849,649,421,714
851,649,421,714
850,649,423,714
849,647,420,713
849,649,421,714
850,649,422,714
849,649,420,714
850,648,421,715
849,650,421,715
850,648,422,714
847,649,423,719
850,649,422,715
849,648,421,714
849,649,420,714
849,648,420,714
850,649,421,714
849,647,420,714
853,652,422,716
850,649,422,715
849,648,422,715
849,649,420,715
849,650,421,714
849,649,422,713
849,648,421,713
852,650,425,716
850,649,422,714
850,648,421,714
849,647,421,715
849,649,422,714
850,649,421,715
850,650,422,715
850,650,422,715
850,650,422,715
850,647,421,714
850,649,422,714
849,649,421,715
849,648,420,715
853,649,421,715
850,648,420,715
849,649,421,714
850,649,421,714
849,649,421,715
848,649,421,714
848,650,421,714
853,651,421,714
851,650,423,717
850,649,422,714
850,650,422,714
850,650,424,715
849,649,422,714
850,650,421,714
854,653,424,720
849,649,422,714
850,649,421,715
849,649,421,714
849,649,421,714
849,650,421,715
849,649,419,715
850,649,420,714
849,649,422,715
850,648,421,714
850,648,421,715
849,648,421,714
849,647,421,714
849,649,420,715
850,649,421,715
850,650,420,715
850,648,422,714
850,649,421,714
850,649,421,714
850,649,421,714
836,639,414,703
855,653,424,718
849,648,420,715
851,649,421,715
849,649,422,715
850,649,422,714
849,648,420,714
851,650,419,713
851,651,422,716
850,649,420,714
849,649,421,714
849,649,421,714
848,649,420,715
850,649,422,714
839,641,416,706
850,648,422,714
851,649,421,714
851,650,422,715
850,648,420,714
850,649,422,715
850,649,420,714
857,648,420,710
849,649,421,714
849,648,421,712
849,648,421,714
850,649,421,714
849,649,421,714
850,649,421,714
850,650,421,716
850,649,421,714
850,649,421,714
849,649,421,714
849,650,421,714
849,649,421,714
834,636,414,701
854,653,424,719
849,649,422,715
849,649,423,715
849,649,419,715
849,649,420,714
849,649,421,714
849,650,423,714
853,651,422,717
849,649,420,713
849,649,421,715
849,649,421,714
850,649,421,715
848,649,421,715
841,643,416,707
849,649,422,715
849,649,422,714
850,649,421,714
850,649,420,714
850,649,421,714
850,649,421,714
849,648,421,714
850,649,421,714
849,649,421,714
850,649,421,714
850,649,421,714
849,649,421,714
850,649,421,715
850,650,422,714
850,649,422,713
849,649,424,714
850,649,421,714
850,649,420,714
850,649,422,715
859,648,421,717
850,649,422,714
850,649,422,714
850,649,420,714
848,649,423,715
850,648,420,714
850,648,421,714
849,649,420,715
851,650,421,716
849,649,421,715
850,649,421,714
850,649,420,714
849,649,421,715
849,649,422,715
839,641,415,706
850,647,418,715
851,649,420,714
850,648,421,714
849,649,422,714
848,649,422,714
850,650,421,714
853,652,423,717
849,650,422,715
849,648,421,714
852,649,421,715
850,648,421,715
849,649,421,714
850,649,420,714
858,651,422,717
850,649,421,715
850,650,422,714
850,649,421,714
850,650,423,715
849,649,421,714
850,649,422,714
850,650,421,715
850,649,421,715
850,650,421,714
850,649,421,715
850,649,421,713
850,649,421,714
836,639,414,702
854,653,425,719
850,650,421,715
849,649,421,714
850,649,421,714
848,648,421,714
850,650,421,714
850,649,419,715
848,649,421,715
851,649,421,714
849,649,421,714
850,648,421,714
849,649,421,715
848,650,423,716
850,650,422,716
849,649,422,715
849,649,422,714
849,649,421,714
849,649,421,714
850,649,422,714
849,649,423,714
854,653,425,720
851,650,422,714
850,649,421,715
849,649,420,714
848,649,420,714
850,649,422,714
851,651,420,714
851,651,422,717
850,649,421,714
851,649,421,714
851,649,421,715
850,649,423,715
849,649,423,714
850,650,422,714
850,649,422,715
849,649,420,714
851,649,421,715
850,649,421,714
850,649,421,715
849,649,421,714
848,647,422,714
850,649,420,715
850,649,421,714
851,650,421,715
849,649,422,714
849,649,421,715
849,650,422,714
847,647,422,715
851,651,423,717
850,648,421,715
849,649,422,714
850,649,422,714
849,649,422,714
849,650,421,713
855,652,422,718
850,650,421,714
850,649,421,714
850,651,421,715
849,649,420,714
850,649,422,714
851,650,422,715
850,649,424,714
850,648,422,715
850,651,421,716
850,647,421,714
850,649,422,715
849,649,421,714
850,649,421,714
853,651,424,717
850,650,422,715
849,649,421,714
852,651,422,714
850,648,421,714
850,648,421,714
855,649,422,713
854,652,423,712
850,650,421,714
848,649,422,714
850,649,422,714
850,648,422,714
849,649,421,714
850,648,423,715
852,651,422,716
850,650,421,715
850,650,421,715
849,647,422,714
849,649,420,715
850,650,422,715
849,649,420,713
851,650,421,715
849,650,422,715
850,650,421,714
850,650,421,715
849,650,422,715
849,649,421,714
854,652,419,718
851,650,422,715
851,651,421,714
850,649,421,714
850,649,421,714
849,649,421,715
849,650,421,714
853,652,424,717
850,650,423,715
850,649,421,714
849,649,421,714
850,649,419,715
849,649,420,715
850,649,422,714
849,650,423,716
850,650,420,714
850,649,420,715
850,650,421,715
850,650,422,714
850,648,421,715
846,646,419,710
853,651,426,718
850,650,421,715
849,650,423,714
849,649,423,715
849,648,422,715
850,647,421,715
838,640,416,704
850,649,423,715
849,649,420,715
850,650,422,715
849,649,423,714
851,650,421,715
850,650,421,715
845,647,420,713
850,649,421,715
849,649,422,715
850,649,421,715
849,649,419,714
850,649,421,715
851,650,422,715
851,649,421,714
851,650,422,716
849,648,422,715
850,649,421,715
850,649,422,715
851,649,421,714
849,650,422,715
854,653,424,718
850,648,421,715
849,649,422,715
849,648,422,714
849,649,421,715
850,649,421,714
848,649,421,714
853,651,425,719
849,647,422,714
849,649,421,715
850,649,420,714
850,649,421,714
849,649,419,714
840,639,416,706
849,648,422,715
849,650,421,715
850,649,421,714
850,649,422,714
850,650,422,714
850,649,419,715
847,649,421,712
850,649,422,714
849,649,421,715
850,649,421,715
850,649,421,714
849,649,422,714
850,649,422,715
850,650,421,714
850,649,421,715
850,649,421,714
849,648,422,715
850,649,422,715
849,648,421,714
849,649,420,714
846,646,421,713
850,650,421,714
850,649,421,714
850,648,421,714
850,649,421,714
849,650,421,715
851,650,422,715
852,651,423,716
849,649,421,714
851,650,421,714
850,649,421,714
850,648,420,715
849,649,421,715
839,641,416,704
862,651,423,721
850,650,422,715
850,650,422,715
850,650,420,714
850,649,421,715
850,649,421,714
833,650,424,713
849,650,421,714
849,650,420,714
850,651,420,715
849,650,422,715
849,649,421,714
850,649,420,714
849,649,421,719
852,651,422,717
850,649,423,714
849,649,421,715
850,649,421,715
849,649,420,714
849,649,422,715
849,649,420,715
850,649,422,714
849,648,421,714
850,650,421,714
850,648,420,715
849,649,423,714
848,649,421,714
854,653,421,717
849,648,420,715
849,650,421,714
850,650,421,715
845,647,420,713
850,649,421,715
849,649,422,715
850,649,421,715
849,649,419,714
850,649,421,715
851,650,422,715
851,649,421,714
851,650,422,716
849,648,422,715
850,649,421,715
850,649,422,715
851,649,421,714
849,650,422,715
854,653,424,718
850,648,421,715
849,649,422,715
849,648,422,714
849,649,421,715
850,649,421,714
848,649,421,714
853,651,425,719
849,647,422,714
849,649,421,715
850,649,420,714
850,649,421,714
849,649,419,714
840,639,416,706
849,648,422,715
849,650,421,715
850,649,421,714
850,649,422,714
850,650,422,714
850,649,419,715
847,649,421,712
850,649,422,714
849,649,421,715
850,649,421,715
850,649,421,714
849,649,422,714
850,649,422,715
850,650,421,714
850,649,421,715
850,649,421,714
849,648,422,715
850,649,422,715
849,648,421,714
849,649,420,714
846,646,421,713
850,650,421,714
850,649,421,714
850,648,421,714
850,649,421,714
849,650,421,715
851,650,422,715
852,651,423,716
849,649,421,714
851,650,421,714
850,649,421,714
850,648,420,715
849,649,421,715
839,641,416,704
862,651,423,721
850,650,422,715
850,650,422,715
850,650,420,714
850,649,421,715
850,649,421,714
833,650,424,713
849,650,421,714
849,650,420,714
850,651,420,715
849,650,422,715
849,649,421,714
850,649,420,714
849,649,421,719
852,651,422,717
850,649,423,714
849,649,421,715
850,649,421,715
849,649,420,714
849,649,422,715
849,649,420,715
850,649,422,714
849,648,421,714
850,650,421,714
850,648,420,715
849,649,423,714
848,649,421,714
854,653,421,717
849,648,420,715
849,650,421,714
850,650,421,715

836,639,424,710
832,637,421,710
836,639,424,709
836,639,423,711
836,639,424,709
836,639,424,709
835,641,423,710
826,631,418,701
836,640,423,710
836,640,424,710
836,639,424,710
836,640,424,710
835,639,424,709
836,642,423,711
835,639,422,706
836,641,424,711
835,640,422,710
836,639,422,710
837,639,424,710
836,640,423,710
836,639,423,711
834,639,423,709
837,642,424,711
836,640,424,711
836,639,423,710
836,640,423,710
836,640,423,710
837,640,424,710
839,643,426,715
834,639,424,710
835,641,420,711
837,640,424,710
836,641,422,710
835,641,423,710
835,639,424,710
834,638,423,709
836,640,424,711
836,641,424,710
835,640,422,710
835,639,421,710
835,640,425,710
836,640,424,710
835,640,423,709
837,642,423,711
835,639,423,709
836,639,424,710
838,639,424,710
835,637,423,710
822,630,422,709
836,639,422,710
834,639,424,710
836,638,424,710
836,641,424,710
836,641,423,710
836,640,425,710
837,641,426,712
836,640,424,709
835,637,423,710
834,640,423,710
834,640,423,710
836,640,423,709
835,641,422,710
840,643,426,712
836,640,423,710
836,641,424,709
836,640,424,711
836,640,424,711
836,640,424,710
836,641,424,710
833,640,424,707
836,640,424,710
837,638,423,711
837,640,424,710
836,639,424,710
836,639,424,709
836,638,423,709
837,641,421,712
836,640,423,708
836,639,424,710
835,638,425,710
836,640,422,710
835,639,423,710
831,639,424,710
834,640,425,710
836,641,423,710
835,640,423,710
836,640,422,710
837,639,423,710
836,640,424,710
839,641,424,710
838,642,425,712
835,640,423,710
836,641,422,710
836,638,423,710
836,641,423,710
836,640,427,712
826,633,419,702
836,641,425,711
836,641,424,712
836,641,422,711
835,640,423,712
836,639,423,710
835,640,424,710
834,637,425,709
836,640,423,711
836,641,425,710
836,640,425,710
836,641,423,710
836,639,424,710
835,640,423,710
838,642,424,711
836,640,424,712
836,640,422,710
835,638,424,710
836,641,423,711
837,641,424,709
825,640,423,705
835,640,425,711
836,639,424,710
836,640,423,711
836,641,424,711
835,642,424,710
837,640,424,710
837,644,427,712
837,640,424,710
836,640,423,710
836,640,423,710
837,640,424,710
835,641,423,711
836,640,424,711
840,642,426,713
836,640,424,711
836,642,423,710
836,640,423,711
836,641,424,711
835,639,423,710
837,640,423,710
835,640,426,712
836,639,423,710
836,640,423,710
836,641,424,710
835,640,423,711
835,641,422,711
835,639,424,711
836,640,424,712
836,640,421,710
837,641,423,710
834,639,423,710
835,641,424,711
836,640,425,710
832,642,423,710
838,642,423,713
837,641,422,710
835,640,424,711
836,640,424,712
836,641,424,710
836,640,423,710
837,641,424,710
837,640,424,711
836,639,424,711
836,641,424,710
835,640,422,710
835,641,424,712
838,640,424,711
850,642,426,716
835,640,425,710
836,641,423,711
837,640,425,711
836,641,422,710
834,641,423,711
836,640,422,711
835,641,425,709
836,641,424,710
836,641,423,710
836,640,423,710
836,640,424,710
836,639,424,711
835,639,423,710
838,642,425,712
837,639,423,711
838,638,424,710
837,640,424,710
836,641,425,710
835,640,424,710
822,629,416,697
836,639,424,710
835,642,425,710
837,640,424,710
836,641,423,710
836,641,424,711
836,640,424,710
836,640,422,712
837,642,425,712
837,639,425,711
837,640,424,710
836,640,424,710
837,641,423,710
837,640,422,710
840,643,426,713
836,641,424,711
837,640,426,711
836,640,424,710
836,641,424,710
835,641,424,711
835,639,424,711
838,642,425,712
836,640,424,710
836,639,423,710
836,641,424,711
836,640,423,710
836,641,424,711
837,641,424,710
837,642,425,712
837,641,425,711
836,640,424,710
836,639,424,711
836,641,424,710
836,641,423,711
835,643,425,710
836,641,423,710
836,640,422,711
838,641,424,710
836,642,424,710
836,640,424,710
836,640,424,710
842,641,424,710
836,641,424,710
837,640,424,710
836,640,422,710
835,639,422,710
836,640,423,711
836,640,425,710
828,633,420,703
837,641,424,711
836,640,424,710
835,639,424,710
836,640,425,711
836,639,425,710
836,640,425,710
835,637,425,710
836,641,424,711
836,640,425,710
836,640,424,710
835,639,422,711
837,640,423,711
835,640,424,709
836,641,425,711
836,640,424,711
835,639,424,711
836,639,424,711
837,640,425,710
836,641,424,711
823,629,415,697
836,641,423,711
836,640,424,710
835,641,425,710
836,639,423,710
837,640,423,711
837,640,422,709
835,640,424,711
839,642,424,711
836,642,425,710
837,640,424,712
835,639,422,710
836,640,421,710
835,640,424,710
838,644,426,713
837,640,423,710
836,639,423,710
836,641,424,711
836,641,424,711
835,640,424,710
836,641,425,710
837,642,425,712
836,639,423,710
837,641,424,711
836,640,424,711
836,641,424,710
837,641,424,711
836,640,425,712
836,641,425,712
836,638,423,710
835,640,425,710
834,640,423,710
836,640,423,710
835,641,423,710
835,639,423,709
836,640,425,711
836,640,423,710
838,641,423,711
836,640,424,711
836,640,424,710
835,641,424,711
831,639,424,715
836,641,424,710
836,640,423,710
835,640,425,709
836,639,422,710
836,640,423,710
837,639,423,711
831,636,421,706
836,640,426,710
836,639,423,710
835,641,424,710
837,641,424,710
836,639,424,711
835,640,425,709
834,641,424,709
836,640,423,710
836,639,425,711
836,639,424,711
836,640,422,710
835,640,424,709
836,640,423,710
837,642,424,712
836,639,421,710
836,640,423,711
836,640,422,709
835,639,424,710
836,640,424,710
835,639,423,710
836,640,423,711
835,639,422,710
836,641,423,710
836,641,423,710
836,639,424,710
835,639,425,709
836,640,423,710
836,640,423,709
836,639,422,710
835,640,422,710
836,640,422,708
836,639,423,710
836,639,423,710
835,639,424,708
836,640,423,712
835,640,423,710
835,640,423,710
835,640,423,710
837,640,424,710
835,640,425,710
840,645,426,713
835,640,421,709
836,638,423,710
836,640,423,710
835,639,423,710
836,640,422,711
836,640,423,711
839,641,425,713
839,639,424,710
836,640,422,711
837,639,423,709
836,639,424,710
835,640,423,710
828,635,420,704
839,642,426,713
836,640,423,710
835,638,422,710
836,641,423,710
834,640,423,711
836,639,423,710
836,635,421,709
836,640,424,711
836,639,425,710
836,639,425,711
836,642,423,710
836,639,422,709
836,639,424,709
838,640,424,711
835,637,423,710
835,639,423,711
835,640,423,710
834,639,423,711
836,640,423,710
835,640,422,710
838,641,425,711
835,640,423,709
835,638,423,708
835,641,423,710
835,639,423,710
835,639,424,710
835,640,422,709
822,642,425,709
836,639,422,711
835,639,421,709
835,639,424,710
836,640,423,710
835,638,423,710
826,632,417,701
848,643,428,713
835,640,422,709
836,639,422,710
836,641,424,709
835,640,423,710
835,639,423,710
837,640,424,710
835,640,424,710
835,640,423,709
836,639,423,710
837,640,422,709
834,638,424,710
836,640,424,710
837,641,423,709
835,639,423,710
836,639,423,710
836,640,424,710
835,640,424,710
836,639,424,709
837,640,425,710
832,639,423,707
837,640,424,709
835,639,424,710
835,640,421,710
836,641,424,711
836,640,423,710
835,640,421,710
822,643,424,709
835,639,425,709
836,640,422,709
835,640,425,710
836,638,424,710
835,637,423,709
828,634,419,704
839,643,424,713
835,639,423,710
835,640,423,710
835,639,423,709
835,640,422,709
834,640,423,709
835,640,423,710
834,639,423,711
836,640,423,710
835,640,422,710
838,641,425,711
835,640,423,709
835,638,423,708
835,641,423,710
835,639,423,710
835,639,424,710
835,640,422,709
822,642,425,709
836,639,422,711
835,639,421,709
835,639,424,710
836,640,423,710
835,638,423,710
826,632,417,701
848,643,428,713
835,640,422,709
836,639,422,710
836,641,424,709
835,640,423,710
835,639,423,710
837,640,424,710
835,640,424,710
835,640,423,709
836,639,423,710
837,640,422,709
834,638,424,710
836,640,424,710
837,641,423,709
835,639,423,710
836,639,423,710
836,640,424,710
835,640,424,710
836,639,424,709
837,640,425,710
832,639,423,707
837,640,424,709
835,639,424,710
835,640,421,710
836,641,424,711
836,640,423,710
835,640,421,710
822,643,424,709
835,639,425,709
836,640,422,709
835,640,425,710
836,638,424,710
835,637,423,709
828,634,419,704
839,643,424,713
835,639,423,710
835,640,423,710
835,639,423,709
835,640,422,709
834,640,423,709

839,647,424,716
841,645,424,718
840,645,425,717
840,643,425,719
841,642,424,718
838,644,424,718
840,642,423,717
830,638,419,709
841,645,424,718
839,645,424,717
840,645,423,717
839,644,424,717
840,645,422,717
841,645,424,717
829,636,418,707
840,645,425,718
838,645,423,718
841,644,424,717
840,644,424,718
839,645,425,718
839,645,424,717
836,642,423,717
840,644,425,718
839,645,423,718
840,643,425,717
839,645,424,717
839,644,424,718
838,644,425,718
839,646,424,719
840,645,426,718
840,645,425,718
839,644,424,718
839,644,425,717
840,644,424,718
840,644,424,718
840,646,424,718
839,645,425,717
840,645,422,718
839,644,424,717
840,646,425,718
840,646,425,718
840,644,423,718
841,646,425,719
840,644,424,718
840,643,424,718
840,644,425,719
840,644,424,717
840,646,424,718
839,646,425,719
840,645,424,718
840,645,424,718
839,644,424,718
839,645,425,718
840,645,425,719
840,644,424,718
844,648,421,722
841,645,425,718
840,644,425,717
838,644,424,718
839,645,424,718
841,644,424,718
839,643,424,718
843,647,425,720
840,645,423,718
840,644,424,718
840,645,425,718
840,645,425,718
841,645,424,718
839,644,427,718
839,645,426,719
840,644,425,718
840,644,424,718
841,644,426,718
840,645,423,718
839,645,424,718
841,643,428,717
843,647,426,719
839,645,425,717
841,645,425,717
839,644,424,718
840,645,424,719
839,644,425,717
840,644,424,718
842,646,425,721
841,645,424,719
840,645,425,718
839,645,424,718
841,644,424,718
839,645,424,717
839,645,427,718
841,647,426,720
840,643,425,718
839,643,424,718
839,644,426,719
840,646,424,718
840,645,426,719
833,640,421,711
838,645,425,717
840,643,423,717
840,644,423,718
840,645,424,718
840,645,425,718
839,644,424,718
840,646,425,720
839,643,424,718
839,645,424,718
840,645,426,719
840,644,425,717
840,644,425,718
840,644,424,718
842,647,425,719
840,644,425,719
840,644,424,718
840,644,424,719
840,646,424,718
840,645,425,717
839,645,425,718
845,649,429,723
840,644,422,717
840,644,423,718
840,645,426,718
839,644,424,717
839,644,424,717
839,643,424,717
843,647,425,720
840,645,424,718
840,644,425,718
840,643,425,718
839,645,424,719
841,645,425,718
842,644,424,718
840,645,424,718
840,645,425,717
840,644,424,717
840,645,425,719
841,642,425,718
840,645,425,718
843,648,425,721
840,645,425,717
840,645,425,718
839,644,424,718
839,643,425,719
839,645,426,718
840,644,424,718
845,648,428,723
841,645,425,718
838,644,423,719
839,646,424,718
838,643,424,718
840,644,425,718
840,645,424,717
840,646,426,720
839,645,425,718
838,645,423,718
840,645,425,717
840,645,425,718
840,644,424,718
831,635,420,710
844,649,426,721
839,644,425,717
839,644,424,717
840,643,425,718
839,644,424,718
840,644,424,718
837,642,423,716
843,646,426,720
839,645,424,717
838,645,424,718
840,644,424,716
839,644,424,716
839,644,424,717
840,645,425,718
841,645,424,718
840,643,423,718
839,644,424,717
841,645,424,718
840,643,424,717
840,646,424,717
844,646,425,722
839,646,424,717
840,643,424,718
840,643,423,718
839,645,425,718
840,644,424,717
839,644,424,717
841,645,425,720
840,645,425,717
840,645,425,717
838,644,422,717
839,644,424,717
840,643,424,718
838,645,423,716
842,647,424,719
839,644,424,718
839,644,424,718
839,644,423,717
841,644,424,717
840,643,421,716
839,644,423,717
841,645,425,719
838,644,424,717
840,642,424,717
839,644,426,718
838,643,423,717
840,645,424,718
834,643,423,717
839,641,424,718
839,644,425,717
838,643,424,716
840,643,425,717
840,644,424,717
838,644,422,717
830,636,420,709
840,643,423,717
839,642,424,718
840,643,424,718
838,643,424,717
838,644,423,717
839,643,424,717
837,634,423,714
840,643,424,717
839,643,422,717
838,643,424,717
838,643,422,717
839,644,424,716
839,643,423,717
841,645,424,719
839,644,422,717
839,643,425,717
838,643,423,717
839,644,424,717
839,644,423,717
837,640,421,714
841,644,425,718
839,642,424,718
839,644,423,717
840,644,421,717
839,643,424,718
838,643,424,716
839,642,422,716
841,647,425,720
839,643,423,717
839,643,423,716
839,641,420,717
838,643,423,717
839,643,423,718
840,643,423,717
840,645,424,718
839,643,423,717
837,643,423,717
839,645,423,717
838,644,424,717
840,644,424,717
830,636,418,708
837,644,424,717
839,644,424,717
839,641,422,717
840,644,424,717
840,644,424,717
838,644,423,716
837,642,421,713
840,643,424,716
839,643,424,717
838,643,423,717
839,643,423,716
839,642,423,718
839,644,424,718
839,646,424,718
838,643,424,717
840,642,422,717
838,643,423,716
839,643,423,718
840,641,423,718
838,642,422,710
839,642,424,716
839,643,424,717
839,644,424,717
838,644,423,717
838,643,424,717
839,643,422,717
836,641,422,714
840,647,425,718
839,643,424,717
839,643,423,717
838,643,424,716
839,643,422,717
839,643,424,717
840,646,426,723
839,644,424,717
839,643,424,717
838,644,423,717
838,640,423,717
838,644,423,717
840,644,423,718
834,648,425,720
840,644,424,718
840,642,421,717
839,644,424,718
839,642,422,717
838,644,424,717
837,643,424,717
837,645,424,717
838,644,424,718
839,642,422,717
838,643,424,717
840,643,423,718
839,644,423,717
839,643,423,717
840,640,425,718
838,643,423,717
838,642,422,717
838,644,425,718
839,645,426,716
840,643,422,717
839,641,423,715
844,648,426,721
839,643,422,717
838,643,421,717
839,642,423,717
840,644,423,717
837,643,423,717
826,644,424,716
842,645,425,718
839,642,423,716
839,643,423,717
840,645,423,717
839,643,424,717
839,644,424,718
838,643,425,717
839,644,425,717
841,643,422,717
839,644,422,717
840,643,423,717
839,643,423,717
839,641,424,718
839,645,425,719
839,643,423,718
839,644,424,717
838,643,423,717
838,642,424,718
839,642,424,717
840,644,423,717
840,644,425,718
839,644,424,717
839,643,424,717
840,642,423,717
838,643,424,717
839,643,423,717
834,639,421,712
842,644,425,720
838,643,421,718
838,644,424,717
838,644,424,718
839,644,424,717
839,644,424,717
836,644,423,716
841,645,421,718
839,644,423,717
839,643,423,717
839,643,424,717
840,644,423,718
838,643,427,716
843,647,425,716
840,645,425,718
839,644,423,718
839,644,423,718
838,642,423,717
839,643,423,717
839,643,423,717
831,637,419,710
839,643,423,718
839,644,424,717
839,643,423,717
839,643,423,717
838,642,424,718
840,644,424,717
826,634,417,709
840,644,423,717
839,643,424,717
840,644,424,717
839,644,424,717
838,643,423,717
839,644,424,718
840,646,425,720
840,644,421,718
839,643,423,717
839,643,422,717
839,642,423,717
840,643,424,718
838,644,423,717
839,645,424,718
839,641,424,717
839,644,425,717
839,644,423,717
839,644,424,717
840,643,422,717
825,632,416,704
841,644,423,717
839,644,424,717
839,644,425,717
838,643,425,717
839,643,422,716
839,643,425,717
836,640,424,715
841,645,425,718
839,644,423,718
838,644,424,718
838,643,423,717
838,644,424,717
839,644,425,716
838,643,424,717
840,644,424,718
839,645,424,718
838,644,423,718
839,644,423,718
839,646,424,718
838,645,424,717
831,638,419,710
838,644,423,718
838,643,424,718
839,644,423,717
839,642,423,717
839,644,423,716
838,642,425,718
835,642,424,714
840,643,423,718
840,642,424,717
839,645,425,717
839,644,423,717
840,643,423,717
839,645,423,716
840,646,424,718
838,642,422,716
838,643,423,718
839,642,424,717
839,644,422,717
839,644,424,717
827,633,418,711
843,647,427,721
840,644,423,717
839,645,422,718
840,644,423,718
839,643,423,717
838,643,423,717
839,643,424,722
840,644,425,719
840,644,423,718
840,644,424,718
840,643,423,717
839,643,423,717
839,644,424,718
842,646,427,720
838,644,423,717
839,644,425,718
838,643,425,718
841,645,426,718
840,644,423,719
840,644,423,718
836,641,423,714
840,644,424,717
841,644,425,717
838,644,424,716
839,644,425,717
838,644,425,718





