461, 587, 821, 628
458, 582, 816, 624
462, 587, 822, 628
462, 586, 821, 628
460, 585, 822, 628
462, 585, 821, 629
461, 585, 819, 628
462, 586, 820, 629
461, 585, 820, 628
462, 588, 826, 631
462, 586, 819, 628
465, 587, 820, 629
461, 586, 821, 629
462, 586, 823, 628
462, 586, 821, 629
461, 585, 822, 628
456, 579, 811, 618
462, 587, 822, 629
462, 586, 822, 628
461, 585, 822, 628
462, 586, 821, 628
462, 584, 818, 628
461, 585, 821, 628
462, 585, 821, 628
466, 593, 831, 637
461, 586, 821, 628
461, 584, 822, 629
462, 586, 817, 629
461, 584, 822, 628
462, 586, 821, 628
462, 586, 821, 628
450, 571, 799, 611
461, 586, 821, 629
462, 585, 820, 628
463, 587, 822, 626
462, 586, 821, 628
461, 586, 822, 629
462, 585, 822, 628
469, 586, 821, 630
463, 587, 824, 630
461, 586, 818, 628
462, 586, 822, 628
461, 586, 827, 629
461, 585, 820, 629
462, 586, 820, 628
462, 586, 820, 630
454, 582, 810, 608
461, 585, 820, 628
462, 586, 821, 628
462, 587, 822, 629
460, 586, 821, 628
461, 586, 821, 628
461, 586, 820, 628
463, 586, 821, 631
464, 588, 822, 631
462, 586, 824, 629
461, 586, 820, 628
462, 586, 825, 628
462, 586, 821, 627
462, 585, 823, 629
463, 588, 821, 628
460, 586, 820, 628
462, 584, 822, 629
461, 586, 823, 626
463, 585, 821, 630
461, 587, 822, 628
462, 587, 819, 628
462, 585, 818, 627
457, 585, 823, 629
466, 590, 821, 632
462, 586, 823, 629
462, 586, 823, 629
464, 585, 823, 577
462, 586, 821, 628
462, 586, 822, 630
462, 584, 821, 629
468, 584, 821, 633
462, 585, 822, 629
461, 580, 822, 629
462, 585, 820, 629
461, 586, 819, 629
462, 585, 828, 629
463, 586, 820, 629
470, 586, 821, 632
465, 592, 829, 636
462, 586, 822, 630
463, 587, 821, 629
462, 587, 822, 629
463, 587, 821, 628
462, 586, 822, 629
463, 586, 819, 629
462, 585, 821, 627
463, 588, 822, 631
464, 586, 822, 630
463, 587, 822, 630
462, 587, 822, 629
462, 587, 820, 629
462, 586, 822, 629
464, 588, 820, 629
466, 584, 828, 629
461, 585, 822, 629
464, 586, 822, 630
462, 586, 821, 629
462, 588, 819, 629
462, 586, 822, 629
462, 584, 823, 630
463, 587, 821, 629
462, 590, 829, 631
462, 586, 822, 630
460, 587, 819, 630
462, 587, 822, 629
462, 587, 821, 630
462, 587, 825, 629
463, 587, 822, 630
467, 595, 831, 633
462, 587, 822, 629
462, 587, 822, 629
461, 588, 821, 631
460, 587, 822, 630
462, 587, 823, 630
462, 587, 823, 628
461, 587, 821, 629
462, 587, 823, 630
463, 587, 820, 630
463, 586, 822, 630
462, 588, 822, 632
463, 586, 822, 629
462, 586, 823, 630
466, 587, 820, 630
467, 590, 827, 635
462, 587, 821, 629
463, 587, 822, 630
462, 587, 822, 630
461, 584, 823, 631
463, 587, 822, 630
462, 585, 823, 630
458, 580, 810, 623
462, 585, 820, 633
462, 587, 825, 630
462, 584, 822, 630
463, 587, 822, 630
463, 587, 822, 631
461, 582, 817, 629
462, 586, 822, 630
462, 586, 820, 629
463, 587, 822, 631
462, 585, 822, 630
463, 586, 822, 631
462, 587, 822, 630
463, 588, 822, 630
463, 586, 823, 631
462, 585, 818, 628
468, 592, 829, 634
463, 586, 831, 631
463, 587, 822, 630
470, 587, 821, 630
460, 585, 823, 632
463, 587, 822, 630
468, 587, 823, 631
467, 590, 826, 635
463, 587, 819, 631
459, 584, 821, 632
463, 590, 823, 631
463, 587, 824, 630
463, 587, 822, 630
463, 588, 822, 631
466, 591, 823, 627
463, 588, 824, 630
465, 589, 824, 633
462, 588, 822, 630
463, 587, 823, 631
462, 587, 823, 630
463, 587, 819, 630
460, 586, 823, 631
466, 587, 821, 635
463, 587, 823, 631
462, 584, 822, 630
465, 587, 821, 632
463, 587, 822, 630
463, 588, 823, 631
463, 587, 820, 631
466, 593, 827, 634
465, 587, 820, 629
463, 588, 821, 631
463, 586, 821, 630
463, 587, 822, 630
462, 587, 823, 630
463, 587, 819, 629
463, 588, 823, 631
466, 589, 826, 635
462, 588, 822, 630
462, 589, 823, 631
462, 587, 821, 630
463, 588, 823, 632
463, 587, 824, 630
462, 586, 824, 630
463, 586, 821, 630
463, 587, 825, 630
463, 588, 823, 631
463, 588, 820, 629
463, 588, 822, 630
464, 585, 822, 631
463, 588, 824, 629
465, 587, 823, 631
463, 588, 821, 634
463, 587, 822, 631
462, 587, 822, 631
463, 586, 823, 631
464, 589, 821, 631
463, 587, 820, 630
462, 586, 819, 630
457, 582, 814, 625
462, 586, 822, 630
463, 587, 821, 632
462, 587, 822, 630
463, 588, 822, 631
461, 587, 822, 631
462, 586, 822, 630
462, 588, 823, 630
465, 592, 829, 634
463, 587, 823, 631
463, 586, 822, 631
463, 587, 822, 630
463, 587, 824, 630
463, 587, 822, 631
463, 587, 822, 631
460, 582, 816, 625
464, 588, 825, 631
463, 586, 823, 631
463, 587, 825, 631
463, 586, 821, 631
464, 587, 822, 631
463, 587, 821, 631
464, 585, 821, 632
464, 590, 826, 635
463, 588, 822, 630
464, 587, 822, 631
463, 587, 822, 630
463, 587, 823, 631
463, 587, 819, 630
463, 587, 822, 629
462, 586, 823, 624
466, 591, 827, 633
462, 587, 823, 631
464, 585, 823, 631
464, 587, 823, 631
462, 587, 823, 630
462, 588, 823, 631
447, 587, 821, 625
463, 592, 829, 634
462, 587, 822, 631
463, 587, 823, 631
462, 587, 822, 630
463, 586, 822, 631
463, 586, 823, 630
463, 587, 825, 631
458, 580, 811, 622
465, 591, 827, 634
462, 588, 829, 630
462, 587, 823, 631
461, 587, 821, 630
463, 586, 823, 631
463, 587, 825, 631
463, 587, 821, 631
470, 587, 822, 629
462, 587, 823, 631
463, 585, 822, 630
464, 588, 823, 630
463, 587, 821, 630
463, 587, 824, 631
463, 584, 823, 630
459, 581, 814, 623
464, 586, 823, 631
463, 587, 822, 630
463, 585, 821, 631
463, 587, 822, 631
463, 587, 822, 631
463, 586, 819, 631
463, 589, 823, 631
467, 593, 825, 638
462, 586, 820, 631
463, 586, 823, 631
462, 587, 823, 631
463, 587, 819, 630
462, 587, 822, 630
463, 586, 822, 631
457, 577, 808, 616
462, 587, 822, 630
463, 587, 821, 630
463, 588, 820, 631
463, 586, 822, 630
463, 590, 823, 630
463, 586, 823, 630
463, 587, 823, 630
463, 587, 827, 634
463, 588, 822, 630
463, 587, 823, 631
463, 587, 822, 631
464, 587, 821, 630
464, 587, 822, 630
462, 587, 822, 630
470, 588, 830, 641
464, 587, 822, 630
462, 587, 823, 630
463, 587, 824, 631
462, 586, 822, 629
463, 587, 824, 630
463, 586, 822, 630
468, 588, 822, 632
465, 588, 826, 634
462, 587, 824, 630
463, 587, 823, 630
463, 586, 823, 630
463, 588, 823, 630
461, 585, 822, 630
464, 587, 820, 630
457, 585, 828, 638
464, 588, 822, 630
462, 588, 822, 630
462, 585, 822, 631
463, 586, 821, 630
463, 587, 823, 631
464, 587, 820, 630
462, 588, 821, 630
463, 587, 822, 630
461, 589, 831, 626
462, 587, 823, 630
462, 587, 822, 631
463, 587, 822, 630
462, 587, 823, 630
463, 587, 822, 630
463, 587, 822, 631
463, 586, 823, 630
463, 587, 823, 633
469, 595, 829, 633
462, 588, 823, 630
462, 587, 822, 630
462, 587, 821, 629
462, 588, 822, 630
462, 588, 821, 631
462, 587, 822, 630
462, 586, 822, 630
462, 585, 822, 630
454, 577, 814, 623
463, 586, 822, 629
462, 588, 823, 630
462, 587, 822, 630
463, 583, 823, 629
462, 586, 822, 630
463, 587, 821, 630
461, 587, 822, 629
455, 575, 803, 616
462, 586, 823, 630
462, 586, 821, 629
463, 587, 822, 630
462, 586, 822, 629
463, 586, 822, 629
462, 587, 817, 628
461, 588, 823, 629
463, 587, 822, 630
462, 587, 822, 629
455, 577, 807, 616
463, 587, 823, 631
462, 587, 823, 630
462, 587, 822, 629
462, 585, 822, 629
462, 588, 823, 629
462, 586, 822, 629
461, 586, 822, 629
462, 586, 823, 629
457, 580, 811, 620
464, 590, 829, 634
461, 585, 822, 629
462, 585, 823, 629
462, 587, 822, 628
462, 586, 822, 629
460, 587, 822, 629
461, 586, 822, 629
461, 586, 821, 629
461, 587, 821, 628
466, 586, 830, 635
462, 586, 823, 629
461, 586, 822, 629
462, 587, 822, 629
462, 586, 820, 629
462, 586, 820, 629
462, 586, 820, 628
462, 586, 822, 629
461, 587, 824, 629
465, 587, 824, 633
462, 586, 823, 628
461, 586, 820, 628
462, 590, 821, 628
462, 586, 821, 629
462, 586, 819, 628
461, 584, 823, 629
461, 585, 821, 628
462, 586, 823, 629
465, 590, 829, 635
461, 586, 822, 628
462, 586, 821, 628
462, 587, 822, 628
462, 586, 821, 628
462, 586, 821, 628
461, 585, 822, 629
461, 586, 821, 628
459, 587, 820, 627
462, 589, 825, 630
462, 585, 821, 629
462, 585, 821, 629
460, 586, 822, 628
460, 585, 822, 628
461, 587, 822, 628
462, 585, 822, 629
462, 586, 821, 628
462, 587, 821, 629
462, 585, 823, 630
462, 590, 820, 628
461, 585, 822, 628
462, 586, 820, 629
461, 586, 817, 628
461, 585, 827, 629
462, 586, 820, 629
461, 586, 820, 629
461, 584, 820, 627
464, 589, 827, 631
462, 585, 822, 628
461, 586, 818, 628
461, 586, 823, 628
461, 585, 822, 629
461, 586, 820, 628
461, 586, 822, 628
461, 586, 819, 628
456, 579, 811, 618
464, 587, 823, 631
464, 586, 823, 628
461, 586, 819, 628
461, 586, 821, 628
463, 586, 822, 628
461, 586, 823, 628
461, 586, 822, 628
457, 586, 821, 627
467, 589, 824, 632
460, 586, 821, 628
464, 586, 821, 628
463, 585, 821, 629
461, 586, 821, 629
461, 585, 820, 629
461, 586, 821, 628
461, 586, 821, 628
461, 586, 822, 629
458, 586, 822, 628
463, 583, 822, 632
461, 585, 820, 629
461, 585, 821, 628
462, 585, 822, 628
462, 586, 821, 629
462, 585, 822, 628
463, 586, 821, 624
460, 586, 821, 629
462, 586, 822, 630
452, 586, 822, 625
464, 588, 823, 629
462, 586, 819, 628
462, 585, 822, 628
462, 586, 821, 628
462, 585, 822, 628
461, 586, 820, 629
461, 586, 822, 628
461, 586, 819, 628
465, 585, 821, 629
453, 587, 821, 628
461, 585, 822, 629
461, 587, 820, 628
461, 585, 821, 628
461, 586, 822, 629
461, 586, 823, 628
461, 586, 823, 629
462, 586, 821, 628
451, 586, 821, 629
463, 588, 822, 628
462, 584, 822, 628
462, 586, 820, 628
462, 587, 822, 629
462, 585, 820, 628
462, 585, 821, 629
461, 585, 822, 629
461, 589, 822, 629
463, 587, 826, 632
461, 585, 822, 629
463, 586, 822, 630
462, 587, 822, 628
462, 586, 819, 626
461, 586, 822, 629
462, 585, 822, 629
462, 586, 821, 628
463, 585, 819, 627
461, 586, 822, 628
462, 585, 820, 629
461, 586, 822, 629
460, 586, 821, 629
462, 584, 819, 629
462, 587, 822, 629
462, 586, 822, 629
456, 577, 808, 620
461, 587, 822, 629
462, 585, 821, 629
462, 586, 822, 629
461, 585, 822, 629
463, 584, 822, 630
461, 587, 823, 629
461, 586, 822, 629
462, 585, 822, 629
460, 582, 816, 625
463, 586, 821, 629
462, 587, 822, 630
462, 587, 821, 629
460, 586, 823, 630
462, 586, 821, 628
463, 585, 821, 630
462, 587, 822, 629
462, 587, 821, 630
456, 583, 817, 622
462, 587, 827, 632
463, 586, 822, 626
462, 586, 822, 627
463, 586, 820, 627
462, 587, 820, 628
462, 586, 820, 626
462, 586, 820, 627
461, 587, 822, 626
459, 583, 817, 623
462, 588, 823, 629
462, 587, 821, 628
462, 584, 819, 627
462, 586, 823, 627
461, 586, 822, 627
462, 587, 820, 627
463, 587, 823, 627
461, 585, 816, 622
467, 590, 825, 630
462, 586, 818, 626
462, 588, 821, 627
462, 586, 820, 626
462, 585, 821, 626
462, 583, 820, 626
462, 586, 824, 627
474, 586, 820, 628
461, 584, 820, 626
463, 586, 822, 627
462, 586, 822, 626
462, 586, 821, 627
462, 585, 821, 627
463, 588, 820, 626
462, 586, 819, 627
463, 584, 821, 626
465, 590, 825, 628
462, 586, 821, 626
462, 586, 820, 627
461, 586, 821, 626
463, 586, 821, 626
462, 585, 821, 627
462, 586, 821, 626
463, 586, 819, 626
469, 589, 833, 629
463, 586, 821, 627
462, 586, 822, 626
461, 587, 821, 627
463, 585, 822, 627
461, 586, 821, 627
463, 585, 824, 627
464, 586, 820, 627
459, 581, 819, 630
464, 589, 823, 628
462, 584, 822, 627
462, 586, 821, 626
462, 585, 819, 626
463, 587, 819, 626
462, 586, 820, 624
463, 586, 821, 627
462, 585, 822, 627
449, 586, 823, 622
462, 587, 821, 626
462, 585, 820, 627
461, 586, 821, 627
462, 586, 818, 626
463, 587, 821, 626
461, 586, 819, 627
462, 585, 821, 625
459, 583, 816, 623
460, 586, 821, 627
463, 586, 821, 627
462, 586, 823, 627
462, 586, 821, 626
462, 587, 822, 627
462, 586, 821, 627
463, 584, 821, 627
473, 588, 825, 627
463, 585, 820, 626
462, 586, 821, 627
462, 586, 820, 626
462, 586, 820, 628
462, 586, 821, 627
463, 586, 819, 627
463, 586, 822, 627
462, 586, 821, 625
462, 586, 820, 626
462, 586, 821, 627
462, 586, 822, 626
462, 587, 821, 627
463, 586, 821, 627
462, 587, 821, 626
463, 583, 821, 627
461, 587, 821, 628
463, 587, 820, 626
462, 585, 819, 627
462, 585, 820, 626
462, 586, 820, 627
461, 585, 821, 627
462, 586, 821, 626
462, 586, 821, 627
454, 574, 807, 614
462, 588, 824, 629
462, 586, 823, 626
462, 586, 820, 627
462, 585, 821, 627
462, 586, 821, 627
462, 586, 823, 627
462, 585, 822, 628
462, 586, 821, 624
449, 570, 801, 610
462, 586, 819, 627
462, 586, 821, 626
462, 586, 820, 627
461, 586, 821, 627
464, 586, 821, 626
462, 585, 819, 627
462, 584, 819, 627
455, 578, 812, 620
462, 586, 822, 627
463, 585, 821, 627
461, 586, 823, 627
462, 586, 821, 627
462, 586, 821, 627
463, 586, 821, 627
463, 585, 821, 626
463, 589, 823, 626
459, 586, 821, 627
462, 586, 819, 626
462, 584, 821, 627
462, 585, 822, 627
462, 587, 822, 627
462, 586, 821, 628
462, 586, 819, 626
461, 587, 819, 626
466, 579, 809, 623
462, 587, 821, 626
463, 587, 820, 627
463, 587, 819, 627
462, 586, 821, 626
462, 583, 821, 626
463, 586, 821, 626
462, 585, 817, 626
463, 585, 823, 629
469, 585, 821, 629
462, 585, 822, 628
463, 586, 820, 626
462, 587, 823, 625
462, 587, 822, 626
463, 586, 818, 626
463, 587, 823, 627
462, 585, 821, 627
456, 581, 810, 622
463, 588, 824, 628
462, 588, 821, 627
462, 587, 822, 628
463, 586, 819, 627
464, 586, 823, 627
462, 586, 821, 626
462, 585, 821, 627
468, 585, 821, 628
471, 597, 830, 630
462, 586, 821, 627
462, 587, 821, 627
463, 585, 821, 627
463, 586, 821, 627
463, 586, 821, 626
462, 586, 821, 627
462, 586, 823, 627
461, 586, 822, 628
457, 582, 815, 621
462, 586, 819, 626
462, 588, 822, 627
461, 586, 819, 626
462, 585, 821, 627
463, 586, 821, 627
461, 584, 823, 626
462, 586, 821, 628
450, 591, 825, 622
462, 587, 821, 626
463, 587, 821, 627
462, 585, 821, 627
462, 587, 821, 627
461, 586, 821, 626
462, 588, 821, 627
467, 585, 818, 627
468, 593, 830, 634
462, 585, 820, 626
462, 587, 819, 627
461, 585, 822, 626
462, 587, 820, 626
462, 586, 822, 627
462, 586, 820, 627
457, 579, 810, 617
463, 588, 823, 628
462, 585, 821, 626
462, 584, 821, 627
461, 587, 821, 627
462, 586, 821, 627
463, 586, 821, 627
462, 586, 821, 627
462, 587, 822, 627
462, 586, 819, 626
450, 573, 803, 610
463, 586, 821, 627
464, 586, 820, 627
462, 585, 821, 626
462, 586, 819, 626
463, 586, 823, 627
463, 586, 820, 627
461, 587, 822, 627
462, 587, 820, 627
467, 588, 825, 629
462, 587, 820, 626
463, 586, 821, 627
463, 587, 821, 626
461, 586, 822, 626
462, 586, 821, 626
462, 586, 817, 626
460, 585, 821, 626
470, 586, 820, 628
462, 585, 821, 627
463, 586, 822, 627
462, 586, 822, 627
463, 586, 821, 627
463, 586, 819, 628
462, 586, 821, 627
463, 586, 823, 627
451, 571, 800, 610
464, 588, 823, 628
465, 586, 820, 627
463, 586, 819, 626
461, 586, 822, 626
462, 586, 819, 626
463, 585, 822, 627
462, 586, 820, 627
458, 581, 811, 619
463, 593, 828, 632
462, 586, 819, 627
462, 586, 820, 627
463, 585, 820, 627
462, 586, 821, 626
462, 586, 819, 627
462, 585, 819, 626
462, 584, 815, 622
465, 589, 825, 629
462, 585, 824, 627
464, 585, 821, 627
463, 587, 823, 627
462, 586, 819, 627
461, 586, 821, 627
463, 586, 821, 626
463, 583, 820, 627
464, 584, 827, 630
462, 586, 821, 627
464, 586, 821, 627
462, 585, 822, 626
462, 586, 821, 626
462, 586, 821, 626
462, 585, 821, 626
463, 585, 822, 627
464, 586, 823, 628
463, 587, 822, 627
462, 586, 821, 627
462, 586, 823, 627
462, 585, 821, 627
462, 586, 821, 626
462, 586, 821, 627
463, 586, 820, 627
449, 587, 821, 622
465, 588, 814, 625
461, 587, 823, 626
462, 585, 821, 627
462, 586, 821, 627
462, 587, 822, 627
463, 586, 821, 626
462, 585, 821, 626
463, 583, 822, 631
460, 585, 824, 631
462, 586, 822, 626
462, 586, 823, 627
462, 586, 822, 626
462, 586, 822, 627
462, 586, 822, 626
462, 583, 822, 626
463, 586, 821, 627
474, 592, 824, 629
461, 586, 822, 627
462, 587, 822, 627
462, 586, 819, 626
462, 586, 820, 627
462, 587, 821, 626
462, 586, 821, 627
462, 586, 821, 626
470, 590, 825, 631
463, 585, 822, 627
462, 586, 822, 627
462, 586, 823, 626
462, 586, 821, 627
462, 586, 815, 626
463, 586, 818, 627
462, 586, 821, 620
452, 587, 822, 624
462, 585, 823, 627
463, 586, 819, 626
462, 586, 819, 627
461, 585, 824, 627
463, 585, 821, 626
461, 586, 819, 627
462, 586, 825, 626
463, 587, 822, 627
462, 588, 823, 627
463, 586, 820, 626
462, 586, 822, 627
461, 586, 820, 626
463, 587, 822, 626
462, 586, 820, 627
462, 587, 821, 626
462, 585, 818, 626
467, 592, 826, 629
462, 586, 823, 626
462, 584, 821, 626
460, 585, 823, 626
463, 587, 820, 626
463, 586, 822, 626
463, 587, 821, 627
462, 586, 820, 626
466, 586, 821, 627
468, 594, 831, 633
462, 586, 819, 627
462, 586, 821, 627
462, 586, 821, 626
463, 586, 821, 627
461, 586, 819, 626
462, 586, 821, 626
462, 585, 822, 627
453, 577, 811, 616
463, 586, 823, 629
462, 588, 821, 626
462, 586, 821, 626
462, 586, 821, 627
462, 586, 822, 627
462, 584, 820, 626
462, 587, 821, 627
462, 587, 821, 625
464, 587, 821, 629
462, 586, 821, 632
462, 586, 822, 627
462, 586, 821, 627
462, 587, 820, 626
462, 586, 821, 627
461, 587, 821, 626
462, 586, 821, 627
466, 597, 830, 632
461, 587, 820, 627
462, 584, 821, 627
461, 586, 821, 626
462, 587, 822, 626
462, 585, 821, 626
462, 586, 822, 626
462, 586, 818, 627
450, 570, 799, 609
463, 589, 825, 631
462, 587, 821, 626
463, 586, 822, 626
463, 586, 823, 627
461, 585, 820, 629
462, 587, 821, 626
463, 587, 821, 627
471, 586, 821, 629
463, 586, 823, 629
462, 586, 822, 626
462, 586, 821, 626
461, 585, 823, 626
462, 586, 820, 628
462, 586, 823, 627
462, 587, 825, 625
463, 586, 822, 625
464, 589, 828, 631
461, 586, 821, 626
461, 586, 821, 626
462, 586, 821, 632
463, 585, 821, 627
461, 587, 823, 626
462, 586, 822, 627
465, 585, 819, 626
463, 588, 826, 628
462, 586, 823, 626
463, 586, 821, 626
462, 586, 821, 626
462, 586, 821, 627
462, 586, 822, 627
462, 586, 822, 627
462, 586, 822, 626
466, 589, 826, 630
462, 585, 821, 627
463, 586, 820, 625
462, 586, 823, 627
462, 586, 821, 627
462, 586, 821, 626
462, 585, 821, 625
457, 586, 822, 629
467, 593, 827, 635
462, 586, 820, 627
462, 586, 820, 626
464, 587, 820, 627
462, 586, 823, 626
463, 587, 821, 627
462, 586, 822, 627
463, 586, 819, 627
465, 590, 824, 628
462, 587, 822, 627
463, 587, 821, 626
462, 586, 821, 626
463, 585, 821, 628
463, 586, 822, 628
461, 585, 821, 627
462, 593, 821, 626
466, 592, 827, 630
463, 585, 821, 626
461, 586, 822, 626
462, 587, 821, 626
461, 586, 821, 625
466, 587, 822, 626
462, 584, 821, 626
462, 585, 822, 626
460, 583, 820, 627
462, 586, 821, 627
463, 586, 821, 627
462, 586, 824, 627
462, 586, 823, 627
461, 587, 821, 626
462, 586, 821, 626
463, 587, 818, 626
463, 586, 822, 627
466, 589, 826, 627
463, 585, 823, 627
462, 586, 821, 627
462, 586, 820, 626
462, 586, 821, 626
463, 586, 821, 626
462, 586, 820, 627
453, 576, 809, 619
463, 587, 824, 628
463, 586, 821, 626
462, 585, 821, 626
462, 586, 823, 627
462, 588, 821, 627
462, 586, 822, 626
462, 586, 821, 626
462, 585, 820, 626
464, 588, 823, 628
462, 587, 820, 626
462, 585, 822, 626
462, 586, 819, 627
463, 585, 821, 626
462, 587, 819, 627
463, 586, 823, 627
462, 584, 822, 627
464, 589, 828, 629
462, 586, 820, 627
461, 586, 822, 627
462, 587, 821, 627
462, 586, 820, 627
463, 586, 821, 626
464, 586, 820, 625
463, 586, 822, 630
471, 598, 836, 640
462, 586, 823, 627
462, 586, 821, 627
462, 585, 820, 626
461, 586, 821, 626
463, 587, 820, 626
462, 586, 822, 626
461, 587, 819, 627
464, 587, 825, 628
463, 586, 821, 627
462, 586, 821, 627
462, 585, 821, 626
462, 587, 822, 626
462, 586, 819, 628
460, 586, 821, 626
461, 585, 822, 627
465, 592, 826, 629
462, 586, 821, 626
462, 586, 821, 626
463, 586, 820, 627
460, 586, 823, 626
463, 586, 822, 626
462, 587, 821, 627
460, 587, 822, 626
464, 591, 826, 630
462, 586, 820, 627
462, 590, 821, 626
462, 586, 823, 626
462, 587, 822, 627
462, 586, 821, 625
463, 584, 821, 627
463, 585, 821, 627
457, 581, 808, 613
462, 585, 823, 627
463, 586, 821, 627
463, 585, 821, 627
462, 586, 822, 626
462, 586, 823, 627
462, 586, 820, 627
462, 586, 821, 626
458, 579, 805, 619
463, 586, 824, 627
463, 587, 823, 626
462, 586, 825, 626
462, 587, 823, 627
461, 587, 822, 626
463, 585, 820, 627
463, 585, 820, 627
471, 589, 823, 632
462, 586, 818, 626
463, 585, 820, 627
462, 586, 821, 627
462, 585, 820, 626
462, 587, 821, 626
462, 586, 821, 626
463, 586, 821, 627
452, 576, 808, 618
464, 586, 822, 627
463, 585, 822, 627
462, 585, 820, 626
461, 586, 821, 626
463, 587, 820, 626
462, 586, 822, 626
461, 587, 819, 627
464, 587, 825, 628
463, 586, 821, 627
462, 586, 821, 627
462, 585, 821, 626
462, 587, 822, 626
462, 586, 819, 628
460, 586, 821, 626
461, 585, 822, 627
465, 592, 826, 629
462, 586, 821, 626
462, 586, 821, 626
463, 586, 820, 627
460, 586, 823, 626
463, 586, 822, 626
462, 587, 821, 627
460, 587, 822, 626
464, 591, 826, 630
462, 586, 820, 627
462, 590, 821, 626
462, 586, 823, 626
462, 587, 822, 627
462, 586, 821, 625
463, 584, 821, 627
463, 585, 821, 627
457, 581, 808, 613
462, 585, 823, 627
463, 586, 821, 627
463, 585, 821, 627
462, 586, 822, 626
462, 586, 823, 627
462, 586, 820, 627
462, 586, 821, 626
458, 579, 805, 619
463, 586, 824, 627
463, 587, 823, 626
462, 586, 825, 626
462, 587, 823, 627
461, 587, 822, 626
463, 585, 820, 627
463, 585, 820, 627
471, 589, 823, 632
462, 586, 818, 626
463, 585, 820, 627
462, 586, 821, 627
462, 585, 820, 626
462, 587, 821, 626
462, 586, 821, 626
463, 586, 821, 627
452, 576, 808, 618
464, 586, 822, 627
463, 585, 822, 627

465, 585, 826, 630
467, 585, 825, 631
465, 585, 823, 630
464, 584, 826, 630
465, 583, 827, 629
467, 586, 829, 632
465, 585, 826, 630
464, 584, 824, 629
465, 584, 825, 629
465, 584, 826, 630
465, 585, 823, 630
465, 585, 822, 630
469, 589, 830, 637
465, 584, 826, 629
465, 585, 825, 630
465, 583, 825, 630
465, 584, 826, 631
465, 585, 825, 630
464, 585, 825, 630
464, 584, 823, 627
471, 592, 834, 636
464, 582, 825, 630
463, 584, 825, 630
465, 587, 824, 630
465, 583, 825, 631
465, 584, 826, 629
465, 584, 825, 630
458, 593, 830, 635
465, 585, 825, 631
463, 584, 827, 630
466, 584, 825, 630
464, 584, 825, 629
465, 585, 828, 630
465, 584, 825, 630
459, 583, 824, 629
466, 584, 825, 632
464, 585, 827, 630
465, 585, 825, 630
468, 585, 826, 631
465, 584, 824, 629
464, 585, 829, 630
465, 586, 825, 631
477, 586, 830, 639
465, 584, 823, 631
467, 585, 826, 628
465, 585, 825, 630
465, 585, 818, 630
465, 584, 824, 630
465, 585, 826, 630
466, 584, 826, 630
468, 589, 830, 634
465, 584, 825, 630
465, 584, 824, 630
464, 585, 826, 630
465, 584, 825, 630
466, 584, 825, 630
464, 585, 824, 632
467, 588, 827, 633
465, 584, 826, 630
466, 585, 826, 631
466, 584, 826, 630
464, 585, 826, 631
465, 585, 825, 630
465, 585, 826, 630
455, 570, 808, 616
466, 583, 826, 630
465, 587, 825, 631
466, 585, 825, 630
465, 585, 826, 630
465, 584, 825, 631
465, 585, 825, 630
465, 584, 825, 630
470, 581, 818, 628
465, 584, 825, 630
466, 584, 822, 630
465, 585, 825, 631
466, 585, 826, 631
465, 585, 826, 631
466, 584, 825, 632
465, 584, 825, 630
467, 588, 826, 634
466, 585, 826, 629
466, 584, 824, 630
466, 585, 826, 630
466, 584, 825, 630
465, 584, 827, 631
466, 587, 825, 631
457, 590, 830, 632
466, 585, 827, 630
465, 584, 824, 631
465, 584, 826, 631
466, 585, 826, 629
465, 585, 826, 630
466, 584, 826, 631
454, 573, 813, 621
468, 586, 827, 632
466, 584, 825, 631
466, 585, 824, 631
466, 585, 825, 631
465, 584, 822, 632
465, 585, 825, 631
466, 584, 825, 631
468, 585, 828, 634
466, 585, 825, 631
466, 586, 825, 631
466, 584, 826, 631
466, 585, 826, 631
466, 585, 826, 630
466, 584, 823, 631
466, 587, 832, 638
465, 585, 825, 631
463, 584, 825, 630
465, 585, 827, 631
466, 585, 826, 631
467, 585, 826, 632
466, 585, 827, 630
466, 583, 823, 634
466, 585, 827, 631
466, 585, 826, 631
466, 585, 825, 631
466, 587, 826, 630
466, 585, 825, 632
466, 584, 824, 631
460, 578, 812, 621
467, 586, 827, 632
466, 585, 827, 631
466, 585, 825, 631
465, 585, 825, 632
468, 585, 824, 633
466, 585, 826, 632
469, 585, 826, 630
465, 581, 823, 632
466, 585, 826, 631
466, 586, 827, 630
466, 586, 827, 632
466, 586, 822, 631
466, 587, 826, 631
466, 585, 824, 631
464, 586, 825, 632
473, 592, 832, 638
467, 585, 826, 631
465, 585, 826, 632
466, 585, 825, 631
466, 587, 824, 631
466, 585, 826, 632
466, 585, 824, 632
469, 588, 828, 635
466, 584, 823, 632
465, 587, 826, 631
466, 585, 826, 631
466, 584, 826, 631
467, 585, 826, 631
466, 586, 825, 631
466, 588, 827, 631
465, 585, 825, 631
466, 585, 827, 631
465, 586, 827, 632
467, 585, 825, 633
465, 586, 823, 631
466, 584, 825, 632
464, 585, 825, 630
472, 592, 833, 637
467, 584, 827, 632
466, 585, 825, 631
466, 586, 826, 631
467, 585, 826, 632
466, 586, 825, 631
464, 585, 827, 632
469, 589, 829, 633
466, 586, 825, 632
466, 585, 825, 632
466, 586, 826, 632
466, 585, 826, 633
466, 584, 826, 630
466, 584, 826, 632
463, 585, 822, 629
466, 587, 828, 634
466, 584, 826, 633
466, 585, 826, 631
466, 586, 826, 632
465, 586, 827, 632
467, 585, 826, 633
464, 583, 821, 628
466, 584, 826, 632
465, 585, 824, 632
466, 586, 825, 632
466, 585, 825, 632
465, 585, 826, 632
467, 585, 823, 632
460, 580, 814, 622
472, 593, 835, 637
466, 585, 826, 632
467, 584, 825, 632
466, 585, 824, 632
467, 584, 826, 633
466, 585, 825, 632
475, 584, 827, 632
467, 585, 822, 634
466, 585, 825, 631
466, 587, 826, 633
466, 585, 828, 632
466, 586, 826, 632
466, 585, 827, 632
467, 584, 826, 632
456, 586, 820, 628
467, 584, 826, 632
466, 587, 827, 632
466, 585, 826, 632
466, 585, 826, 632
466, 584, 826, 632
466, 585, 826, 631
465, 585, 824, 631
466, 585, 822, 632
466, 584, 826, 632
465, 586, 827, 632
466, 587, 828, 633
466, 586, 826, 632
467, 583, 826, 632
467, 584, 825, 632
468, 590, 829, 633
466, 584, 825, 632
466, 584, 824, 632
466, 585, 827, 631
465, 586, 824, 631
466, 585, 826, 633
467, 586, 826, 632
467, 586, 826, 630
468, 589, 832, 636
467, 584, 827, 631
466, 585, 826, 632
466, 585, 826, 632
466, 585, 825, 633
466, 585, 825, 631
462, 585, 824, 632
469, 588, 826, 633
467, 586, 827, 632
467, 585, 825, 632
467, 584, 826, 632
466, 586, 826, 632
466, 585, 823, 633
466, 585, 826, 632
466, 584, 824, 630
475, 594, 841, 639
466, 584, 826, 632
467, 585, 825, 631
466, 585, 826, 632
466, 585, 825, 632
466, 586, 826, 631
464, 589, 826, 631
466, 587, 833, 635
466, 585, 826, 631
466, 585, 828, 632
466, 585, 824, 632
465, 585, 826, 631
466, 585, 826, 631
465, 584, 826, 632
455, 571, 805, 614
465, 585, 826, 632
466, 586, 826, 631
466, 585, 826, 632
466, 585, 825, 632
466, 585, 825, 632
466, 585, 826, 631
466, 584, 826, 633
467, 584, 826, 632
465, 584, 826, 632
466, 583, 824, 632
466, 583, 826, 632
466, 585, 826, 632
465, 585, 826, 631
466, 585, 822, 631
453, 570, 805, 616
466, 585, 827, 631
466, 582, 826, 631
466, 584, 825, 631
465, 585, 824, 631
465, 586, 825, 632
465, 582, 825, 631
465, 585, 826, 631
473, 593, 836, 636
463, 586, 826, 631
465, 584, 826, 631
466, 585, 825, 631
464, 585, 826, 632
465, 585, 824, 631
465, 584, 826, 631
465, 583, 824, 631
470, 592, 828, 631
466, 584, 824, 632
466, 584, 826, 632
463, 586, 826, 630
466, 586, 823, 631
465, 584, 826, 632
466, 585, 825, 631
460, 579, 817, 629
467, 584, 827, 630
466, 584, 827, 631
466, 584, 827, 633
465, 585, 825, 631
464, 585, 825, 632
466, 584, 827, 631
452, 585, 827, 625
469, 589, 831, 636
466, 585, 828, 632
466, 582, 824, 631
466, 584, 826, 631
465, 585, 825, 632
466, 585, 824, 630
465, 585, 827, 631
468, 591, 833, 635
466, 585, 826, 631
466, 584, 826, 631
467, 584, 825, 631
465, 586, 826, 632
466, 585, 825, 631
465, 584, 826, 631
467, 587, 828, 630
467, 584, 825, 632
465, 585, 826, 631
466, 584, 825, 631
466, 584, 823, 632
467, 585, 826, 631
463, 585, 826, 631
465, 583, 821, 629
468, 587, 828, 633
465, 585, 827, 632
465, 584, 826, 632
466, 584, 824, 631
465, 584, 823, 631
466, 584, 826, 631
465, 585, 823, 631
466, 585, 827, 633
465, 585, 825, 630
465, 584, 827, 631
465, 583, 824, 631
467, 586, 827, 632
465, 585, 825, 631
465, 584, 825, 630
465, 586, 826, 631
469, 589, 830, 636
465, 585, 823, 630
465, 584, 825, 631
465, 584, 826, 630
466, 585, 826, 631
466, 584, 826, 631
465, 584, 824, 630
473, 586, 824, 633
465, 584, 829, 630
465, 585, 825, 631
466, 584, 827, 631
465, 585, 827, 631
465, 586, 824, 631
465, 584, 826, 631
459, 574, 812, 620
466, 585, 826, 632
468, 584, 826, 630
466, 585, 825, 630
465, 585, 826, 631
466, 584, 824, 630
464, 584, 825, 630
465, 584, 824, 630
468, 589, 834, 634
465, 583, 826, 631
465, 584, 826, 630
465, 585, 825, 631
465, 583, 826, 630
465, 581, 825, 631
465, 582, 826, 631
462, 581, 818, 625
468, 585, 826, 632
465, 585, 826, 631
464, 583, 825, 630
464, 584, 823, 630
465, 585, 822, 630
466, 584, 824, 630
466, 584, 825, 630
454, 570, 806, 615
466, 585, 825, 631
465, 584, 823, 630
466, 585, 825, 629
465, 585, 826, 628
465, 586, 825, 630
466, 584, 825, 630
463, 585, 824, 630
469, 592, 830, 634
466, 583, 825, 631
465, 585, 826, 630
465, 584, 824, 631
465, 584, 825, 629
465, 584, 825, 630
465, 584, 823, 629
458, 574, 814, 621
465, 584, 825, 630
464, 583, 825, 630
464, 585, 823, 630
465, 583, 825, 630
466, 583, 826, 630
465, 584, 823, 630
465, 584, 825, 629
469, 588, 830, 635
464, 584, 825, 630
465, 584, 824, 630
465, 584, 823, 630
465, 585, 826, 631
465, 583, 823, 630
464, 584, 827, 629
465, 589, 822, 627
465, 584, 825, 629
465, 584, 824, 630
465, 584, 824, 630
465, 584, 825, 630
465, 584, 825, 630
465, 583, 826, 629
460, 579, 826, 631
465, 584, 825, 630
465, 584, 826, 630
465, 584, 824, 630
465, 584, 826, 631
465, 584, 826, 630
464, 585, 824, 630
475, 584, 825, 634
468, 589, 830, 632
465, 584, 824, 628
465, 583, 826, 630
465, 583, 824, 630
464, 584, 826, 630
464, 584, 825, 630
464, 584, 823, 629
460, 593, 836, 634
464, 583, 825, 631
465, 584, 825, 629
464, 585, 825, 630
464, 584, 825, 629
463, 583, 824, 629
464, 583, 825, 630
462, 578, 823, 635
464, 583, 825, 630
465, 583, 826, 629
465, 584, 826, 629
465, 584, 824, 629
465, 584, 823, 630
464, 584, 825, 630
463, 584, 824, 630
469, 590, 833, 634
465, 584, 825, 630
465, 583, 827, 629
464, 584, 825, 629
465, 584, 826, 629
465, 584, 826, 630
454, 583, 823, 627
464, 585, 828, 633
463, 582, 825, 630
464, 583, 824, 629
465, 584, 824, 629
465, 584, 825, 629
465, 584, 823, 630
465, 585, 823, 632
465, 585, 829, 631
465, 584, 825, 630
465, 584, 826, 630
464, 582, 825, 629
463, 584, 825, 630
465, 582, 825, 629
465, 584, 825, 630
464, 584, 828, 631
464, 583, 827, 630
462, 585, 820, 626
461, 586, 821, 626
463, 587, 820, 626
462, 586, 822, 626
461, 587, 819, 627
464, 587, 825, 628
463, 586, 821, 627
462, 586, 821, 627
462, 585, 821, 626
462, 587, 822, 626
462, 586, 819, 628
460, 586, 821, 626
461, 585, 822, 627
465, 592, 826, 629
462, 586, 821, 626
462, 586, 821, 626
463, 586, 820, 627
460, 586, 823, 626
463, 586, 822, 626
462, 587, 821, 627
460, 587, 822, 626
464, 591, 826, 630
462, 586, 820, 627
462, 590, 821, 626
462, 586, 823, 626
462, 587, 822, 627
462, 586, 821, 625
463, 584, 821, 627
463, 585, 821, 627
457, 581, 808, 613
462, 585, 823, 627
463, 586, 821, 627
463, 585, 821, 627
462, 586, 822, 626
462, 586, 823, 627
462, 586, 820, 627
462, 586, 821, 626
458, 579, 805, 619
463, 586, 824, 627
463, 587, 823, 626
462, 586, 825, 626
462, 587, 823, 627
461, 587, 822, 626
463, 585, 820, 627
463, 585, 820, 627
471, 589, 823, 632
462, 586, 818, 626
463, 585, 820, 627
462, 586, 821, 627
462, 585, 820, 626
462, 587, 821, 626
462, 586, 821, 626
463, 586, 821, 627
452, 576, 808, 618
464, 586, 822, 627
463, 585, 822, 627

465, 585, 826, 630
467, 585, 825, 631
465, 585, 823, 630
464, 584, 826, 630
465, 583, 827, 629
467, 586, 829, 632
465, 585, 826, 630
464, 584, 824, 629
465, 584, 825, 629
465, 584, 826, 630
465, 585, 823, 630
465, 585, 822, 630
469, 589, 830, 637
465, 584, 826, 629
465, 585, 825, 630
465, 583, 825, 630
465, 584, 826, 631
465, 585, 825, 630
464, 585, 825, 630
464, 584, 823, 627
471, 592, 834, 636
464, 582, 825, 630
463, 584, 825, 630
465, 587, 824, 630
465, 583, 825, 631
465, 584, 826, 629
465, 584, 825, 630
458, 593, 830, 635
465, 585, 825, 631
463, 584, 827, 630
466, 584, 825, 630
464, 584, 825, 629
465, 585, 828, 630
465, 584, 825, 630
459, 583, 824, 629
466, 584, 825, 632
464, 585, 827, 630
465, 585, 825, 630
468, 585, 826, 631
465, 584, 824, 629
464, 585, 829, 630
465, 586, 825, 631
477, 586, 830, 639
465, 584, 823, 631
467, 585, 826, 628
465, 585, 825, 630
465, 585, 818, 630
465, 584, 824, 630
465, 585, 826, 630
466, 584, 826, 630
468, 589, 830, 634
465, 584, 825, 630
465, 584, 824, 630
464, 585, 826, 630
465, 584, 825, 630
466, 584, 825, 630
464, 585, 824, 632
467, 588, 827, 633
465, 584, 826, 630
466, 585, 826, 631
466, 584, 826, 630
464, 585, 826, 631
465, 585, 825, 630
465, 585, 826, 630
455, 570, 808, 616
466, 583, 826, 630
465, 587, 825, 631
466, 585, 825, 630
465, 585, 826, 630
465, 584, 825, 631
465, 585, 825, 630
465, 584, 825, 630
470, 581, 818, 628
465, 584, 825, 630
466, 584, 822, 630
465, 585, 825, 631
466, 585, 826, 631
465, 585, 826, 631
466, 584, 825, 632
465, 584, 825, 630
467, 588, 826, 634
466, 585, 826, 629
466, 584, 824, 630
466, 585, 826, 630
466, 584, 825, 630
465, 584, 827, 631
466, 587, 825, 631
457, 590, 830, 632
466, 585, 827, 630
465, 584, 824, 631
465, 584, 826, 631
466, 585, 826, 629
465, 585, 826, 630
466, 584, 826, 631
454, 573, 813, 621
468, 586, 827, 632
466, 584, 825, 631
466, 585, 824, 631
466, 585, 825, 631
465, 584, 822, 632
465, 585, 825, 631
466, 584, 825, 631
468, 585, 828, 634
466, 585, 825, 631
466, 586, 825, 631
466, 584, 826, 631
466, 585, 826, 631
466, 585, 826, 630
466, 584, 823, 631
466, 587, 832, 638
465, 585, 825, 631
463, 584, 825, 630
465, 585, 827, 631
466, 585, 826, 631
467, 585, 826, 632
466, 585, 827, 630
466, 583, 823, 634
466, 585, 827, 631
466, 585, 826, 631
466, 585, 825, 631
466, 587, 826, 630
466, 585, 825, 632
466, 584, 824, 631
460, 578, 812, 621
467, 586, 827, 632
466, 585, 827, 631
466, 585, 825, 631
465, 585, 825, 632
468, 585, 824, 633
466, 585, 826, 632
469, 585, 826, 630
465, 581, 823, 632
466, 585, 826, 631
466, 586, 827, 630
466, 586, 827, 632
466, 586, 822, 631
466, 587, 826, 631
466, 585, 824, 631
464, 586, 825, 632
473, 592, 832, 638
467, 585, 826, 631
465, 585, 826, 632
466, 585, 825, 631
466, 587, 824, 631
466, 585, 826, 632
466, 585, 824, 632
469, 588, 828, 635
466, 584, 823, 632
465, 587, 826, 631
466, 585, 826, 631
466, 584, 826, 631
467, 585, 826, 631
466, 586, 825, 631
466, 588, 827, 631
465, 585, 825, 631
466, 585, 827, 631
465, 586, 827, 632
467, 585, 825, 633
465, 586, 823, 631
466, 584, 825, 632
464, 585, 825, 630
472, 592, 833, 637
467, 584, 827, 632
466, 585, 825, 631
466, 586, 826, 631
467, 585, 826, 632
466, 586, 825, 631
464, 585, 827, 632
469, 589, 829, 633
466, 586, 825, 632
466, 585, 825, 632
466, 586, 826, 632
466, 585, 826, 633
466, 584, 826, 630
466, 584, 826, 632
463, 585, 822, 629
466, 587, 828, 634
466, 584, 826, 633
466, 585, 826, 631
466, 586, 826, 632
465, 586, 827, 632
467, 585, 826, 633
464, 583, 821, 628
466, 584, 826, 632
465, 585, 824, 632
466, 586, 825, 632
466, 585, 825, 632
465, 585, 826, 632
467, 585, 823, 632
460, 580, 814, 622
472, 593, 835, 637
466, 585, 826, 632
467, 584, 825, 632
466, 585, 824, 632
467, 584, 826, 633
466, 585, 825, 632
475, 584, 827, 632
467, 585, 822, 634
466, 585, 825, 631
466, 587, 826, 633
466, 585, 828, 632
466, 586, 826, 632
466, 585, 827, 632
467, 584, 826, 632
456, 586, 820, 628
467, 584, 826, 632
466, 587, 827, 632
466, 585, 826, 632
466, 585, 826, 632
466, 584, 826, 632
466, 585, 826, 631
465, 585, 824, 631
466, 585, 822, 632
466, 584, 826, 632
465, 586, 827, 632
466, 587, 828, 633
466, 586, 826, 632
467, 583, 826, 632
467, 584, 825, 632
468, 590, 829, 633
466, 584, 825, 632
466, 584, 824, 632
466, 585, 827, 631
465, 586, 824, 631
466, 585, 826, 633
467, 586, 826, 632
467, 586, 826, 630
468, 589, 832, 636
467, 584, 827, 631
466, 585, 826, 632
466, 585, 826, 632
466, 585, 825, 633
466, 585, 825, 631
462, 585, 824, 632
469, 588, 826, 633
467, 586, 827, 632
467, 585, 825, 632
467, 584, 826, 632
466, 586, 826, 632
466, 585, 823, 633
466, 585, 826, 632
466, 584, 824, 630
475, 594, 841, 639
466, 584, 826, 632
467, 585, 825, 631
466, 585, 826, 632
466, 585, 825, 632
466, 586, 826, 631
464, 589, 826, 631
466, 587, 833, 635
466, 585, 826, 631
466, 585, 828, 632
466, 585, 824, 632
465, 585, 826, 631
466, 585, 826, 631
465, 584, 826, 632
455, 571, 805, 614
465, 585, 826, 632
466, 586, 826, 631
466, 585, 826, 632
466, 585, 825, 632
466, 585, 825, 632
466, 585, 826, 631
466, 584, 826, 633
467, 584, 826, 632
465, 584, 826, 632
466, 583, 824, 632
466, 583, 826, 632
466, 585, 826, 632
465, 585, 826, 631
466, 585, 822, 631
453, 570, 805, 616
466, 585, 827, 631
466, 582, 826, 631
466, 584, 825, 631
465, 585, 824, 631
465, 586, 825, 632
465, 582, 825, 631
465, 585, 826, 631
473, 593, 836, 636
463, 586, 826, 631
465, 584, 826, 631
466, 585, 825, 631
464, 585, 826, 632
465, 585, 824, 631
465, 584, 826, 631
465, 583, 824, 631
470, 592, 828, 631
466, 584, 824, 632
466, 584, 826, 632
463, 586, 826, 630
466, 586, 823, 631
465, 584, 826, 632
466, 585, 825, 631
460, 579, 817, 629
467, 584, 827, 630
466, 584, 827, 631
466, 584, 827, 633
465, 585, 825, 631
464, 585, 825, 632
466, 584, 827, 631
452, 585, 827, 625
469, 589, 831, 636
466, 585, 828, 632
466, 582, 824, 631
466, 584, 826, 631
465, 585, 825, 632
466, 585, 824, 630
465, 585, 827, 631
468, 591, 833, 635
466, 585, 826, 631
466, 584, 826, 631
467, 584, 825, 631
465, 586, 826, 632
466, 585, 825, 631
465, 584, 826, 631
467, 587, 828, 630
467, 584, 825, 632
465, 585, 826, 631
466, 584, 825, 631
466, 584, 823, 632
467, 585, 826, 631
463, 585, 826, 631
465, 583, 821, 629
468, 587, 828, 633
465, 585, 827, 632
465, 584, 826, 632
466, 584, 824, 631
465, 584, 823, 631
466, 584, 826, 631
465, 585, 823, 631
466, 585, 827, 633
465, 585, 825, 630
465, 584, 827, 631
465, 583, 824, 631
467, 586, 827, 632
465, 585, 825, 631
465, 584, 825, 630
465, 586, 826, 631
469, 589, 830, 636
465, 585, 823, 630
465, 584, 825, 631
465, 584, 826, 630
466, 585, 826, 631
466, 584, 826, 631
465, 584, 824, 630
473, 586, 824, 633
465, 584, 829, 630
465, 585, 825, 631
466, 584, 827, 631
465, 585, 827, 631
465, 586, 824, 631
465, 584, 826, 631
459, 574, 812, 620
466, 585, 826, 632
468, 584, 826, 630
466, 585, 825, 630
465, 585, 826, 631
466, 584, 824, 630
464, 584, 825, 630
465, 584, 824, 630
468, 589, 834, 634
465, 583, 826, 631
465, 584, 826, 630
465, 585, 825, 631
465, 583, 826, 630
465, 581, 825, 631
465, 582, 826, 631
462, 581, 818, 625
468, 585, 826, 632
465, 585, 826, 631
464, 583, 825, 630
464, 584, 823, 630
465, 585, 822, 630
466, 584, 824, 630
466, 584, 825, 630
454, 570, 806, 615
466, 585, 825, 631
465, 584, 823, 630
466, 585, 825, 629
465, 585, 826, 628
465, 586, 825, 630
466, 584, 825, 630
463, 585, 824, 630
469, 592, 830, 634
466, 583, 825, 631
465, 585, 826, 630
465, 584, 824, 631
465, 584, 825, 629
465, 584, 825, 630
465, 584, 823, 629
458, 574, 814, 621
465, 584, 825, 630
464, 583, 825, 630
464, 585, 823, 630
465, 583, 825, 630
466, 583, 826, 630
465, 584, 823, 630
465, 584, 825, 629
469, 588, 830, 635
464, 584, 825, 630
465, 584, 824, 630
465, 584, 823, 630
465, 585, 826, 631
465, 583, 823, 630
464, 584, 827, 629
465, 589, 822, 627
465, 584, 825, 629
465, 584, 824, 630
465, 584, 824, 630
465, 584, 825, 630
465, 584, 825, 630
465, 583, 826, 629
460, 579, 826, 631
465, 584, 825, 630
465, 584, 826, 630
465, 584, 824, 630
465, 584, 826, 631
465, 584, 826, 630
464, 585, 824, 630
475, 584, 825, 634
468, 589, 830, 632
465, 584, 824, 628
465, 583, 826, 630
465, 583, 824, 630
464, 584, 826, 630
464, 584, 825, 630
464, 584, 823, 629
460, 593, 836, 634
464, 583, 825, 631
465, 584, 825, 629
464, 585, 825, 630
464, 584, 825, 629
463, 583, 824, 629
464, 583, 825, 630
462, 578, 823, 635
464, 583, 825, 630
465, 583, 826, 629
465, 584, 826, 629
465, 584, 824, 629
465, 584, 823, 630
464, 584, 825, 630
463, 584, 824, 630
469, 590, 833, 634
465, 584, 825, 630
465, 583, 827, 629
464, 584, 825, 629
465, 584, 826, 629
465, 584, 826, 630
454, 583, 823, 627
464, 585, 828, 633
463, 582, 825, 630
464, 583, 824, 629
465, 584, 824, 629
465, 584, 825, 629
465, 584, 823, 630
465, 585, 823, 632
465, 585, 829, 631
465, 584, 825, 630
465, 584, 826, 630
464, 582, 825, 629
463, 584, 825, 630
465, 582, 825, 629
465, 584, 825, 630
464, 584, 828, 631
464, 583, 827, 630




