608,440,671,804
608,442,678,807
606,443,676,805
609,441,676,804
608,440,676,806
607,440,672,807
607,439,675,802
609,441,677,805
609,443,676,806
608,439,674,803
608,441,675,805
607,439,674,802
607,439,676,804
607,442,678,807
609,440,676,805
607,439,676,806
608,438,675,803
607,440,676,803
607,439,676,805
607,439,673,802
608,439,676,805
608,441,675,802
607,440,673,802
607,437,675,803
607,439,672,801
606,438,674,803
606,440,675,803
607,439,673,803
608,439,675,806
607,441,674,802
608,440,677,805
605,439,675,802
607,440,675,804
607,439,675,806
607,439,673,800
608,440,673,803
607,441,673,802
607,441,673,804
607,440,675,804
606,438,674,803
605,437,670,800
606,439,675,802
606,438,674,804
606,440,674,803
607,440,673,803
607,438,673,803
607,437,674,804
604,437,670,801
603,437,669,799
606,438,669,801
606,439,674,803
602,438,671,799
601,436,670,801
597,432,659,792
602,437,670,799
601,433,668,798
599,434,670,797
601,434,668,796
602,433,669,799
600,434,668,797
601,436,669,798
600,433,669,798
601,433,668,797
600,432,664,797
600,434,667,795
600,432,665,797
599,433,669,796
595,429,663,793
598,430,663,793
598,430,663,794
598,430,665,794
595,429,663,793
594,429,660,790
595,429,660,791
593,426,660,794
591,426,660,791
590,425,654,786
587,422,653,786
588,421,654,787
585,421,653,784
584,420,652,784
587,421,653,784
584,420,651,783
582,419,649,783
581,418,650,781
580,418,649,783
581,418,650,782
578,415,646,779
577,412,643,777
576,414,642,779
571,408,638,777
569,406,637,774
565,404,633,774
562,401,630,769
559,402,631,767
557,401,630,768
558,399,627,764
556,397,627,765
559,400,627,767
560,399,626,765
563,404,628,768
561,402,628,770
563,404,634,773
562,404,631,771
565,407,635,774
566,405,631,771
565,404,636,774
568,408,636,774
565,404,630,769
570,409,638,776
569,410,635,775
569,410,631,777
570,410,636,777
572,409,640,778
573,411,640,777
569,409,637,773
571,408,641,778
572,409,639,775
573,409,640,781
572,409,639,776
573,411,640,781
571,410,641,779
571,408,639,778
571,411,640,780
572,412,641,779
574,412,642,778
572,412,640,777
571,411,641,779
571,412,638,775
575,414,642,779
572,410,642,776
571,412,641,778
572,412,642,781
573,412,642,779
574,413,643,779
571,410,640,777
576,413,643,779
574,414,645,781
576,412,644,781
576,414,642,779
577,414,643,777
577,414,644,780
576,413,644,780
577,413,643,781
575,414,642,778
575,413,644,780
576,415,645,782
575,412,645,779
577,415,647,782
568,408,632,768
576,414,642,779
575,414,645,782
574,413,643,779
574,412,643,778
578,414,644,782
574,410,643,778
575,413,644,778
575,415,646,783
574,411,644,782
575,413,639,780
574,415,644,783
576,413,643,778
575,412,644,780
577,417,648,782
577,415,643,779
575,413,644,780
573,413,644,781
574,413,643,779
573,414,644,779
577,413,641,779
575,413,645,783
574,415,645,782
573,414,645,783
576,414,644,779
573,412,642,779
576,414,643,777
576,416,643,781
574,413,644,780
576,413,644,781
574,414,645,783
576,413,642,782
574,415,649,781
573,414,644,781
577,417,644,785
573,413,642,780
574,413,642,778
574,414,646,782
573,411,644,777
574,412,643,781
575,413,643,781
575,414,646,782
573,412,647,783
573,412,642,777
575,414,643,780
574,414,644,778
573,414,644,780
576,415,645,782
575,415,646,782
575,411,645,781
575,414,646,782
574,414,642,780
574,413,642,779
574,415,642,778
574,413,644,778
575,417,644,782
572,413,645,780
575,416,644,780
575,412,643,781
572,412,641,777
575,415,647,778
569,408,641,775
573,412,641,778
572,410,642,779
573,413,641,778
571,411,641,778
571,411,639,778
571,410,641,776
574,413,642,785
570,409,635,777
568,409,639,774
569,411,640,778
570,407,638,778
571,412,639,775
567,407,638,777
570,407,639,779
567,408,638,778
568,408,636,774
569,410,638,775
570,409,636,776
569,408,641,776
569,409,638,778
565,406,637,777
568,407,638,778
569,407,639,775
570,409,639,777
570,409,639,778
569,408,638,774
570,411,640,777
573,410,642,780
566,408,643,777
568,409,638,775
569,406,637,774
565,405,635,777
563,401,631,770
554,397,623,757
562,401,632,774
563,403,634,771
561,401,630,767
560,401,628,769
562,400,628,769
561,399,628,768
562,399,626,766
558,398,627,766
561,398,626,765
559,398,628,766
558,398,626,765
559,399,627,765
560,399,628,766
559,397,624,763
562,401,630,767
561,400,632,771
565,403,631,769
564,404,633,770
567,406,637,772
569,404,637,772
567,407,635,770
572,404,639,778
572,407,639,774
573,409,641,778
571,409,639,776
571,407,640,776
571,408,641,777
567,406,637,770
572,407,639,774
568,406,637,771
569,406,639,773
569,407,639,772
572,406,639,772
572,408,640,773
576,413,645,777
580,413,646,776
580,415,647,779
582,414,652,782
585,419,655,785
589,423,659,789
589,421,657,787
594,427,660,790
594,430,664,792
595,430,665,796
596,430,668,796
596,430,665,793
592,428,662,792
594,429,664,789
598,431,664,796
597,431,666,794
600,430,664,793
598,431,667,793
596,428,663,794
596,430,666,795
599,431,666,796
598,428,666,797
598,432,667,796
597,432,666,796
599,430,665,796
599,432,664,795
600,432,664,793
602,433,666,797
600,433,665,797
600,431,666,797
600,432,663,796
600,433,665,796
601,434,669,798
603,434,668,797
599,433,667,797
600,430,667,797
600,432,666,798
603,433,669,799
601,433,666,798
602,436,668,800
598,431,665,793
603,437,673,802
602,434,670,799
602,435,672,799
603,436,669,799
605,435,670,798
602,434,667,799
599,433,666,794
600,433,669,799
603,434,669,799
600,432,664,799
600,431,666,799
601,434,669,800
598,434,666,798
608,434,670,798
601,433,669,797
600,432,669,798
602,434,669,797
599,433,666,798
601,433,669,799
601,433,667,799
601,434,671,803
602,434,668,801
601,435,670,800
602,435,671,801
602,435,665,799
602,435,671,798
602,436,672,802
599,435,668,798
602,435,669,801
603,438,671,799
601,435,664,800
601,434,669,798
601,434,667,799
602,436,667,799
601,436,672,798
603,433,669,799
601,435,669,798
601,436,670,799
602,435,669,799
602,434,669,797
594,428,658,786
604,436,669,799
602,435,672,803
604,436,671,802
603,435,673,800
603,438,672,804
605,436,671,801
604,435,668,800
603,437,670,799
602,436,670,802
605,437,672,803
605,439,674,801
606,434,673,806
604,438,674,801
609,437,674,803
605,436,674,801
606,437,672,801
603,437,673,802
603,437,673,800
603,438,674,801
604,437,673,802
603,436,670,801
605,439,673,802
604,438,673,801
603,438,671,800
604,436,672,801
606,437,671,801
605,436,671,799
603,435,670,798
605,439,674,803
606,438,671,801
604,436,672,802
605,436,675,802
604,438,672,802
606,439,675,802
605,438,675,805
606,436,673,804
606,437,673,803
607,438,673,801
606,437,671,804
608,439,673,805
603,439,674,800
604,439,674,805
605,439,673,802
606,439,675,802
606,436,671,800
607,439,673,801
603,439,673,801
606,435,669,799
606,439,669,803
604,437,671,801
605,437,674,803
606,439,671,799
605,438,672,802
606,437,671,801
609,438,675,802
603,438,669,801
606,438,674,801
606,439,673,803
604,438,670,804
607,438,672,803
607,437,673,805
601,434,665,795
605,436,672,802
604,438,672,804
606,439,667,801
607,438,674,803
605,438,672,802
607,438,671,804
605,438,668,801
605,438,672,803
606,440,675,802
608,439,675,804
605,438,674,804
607,439,674,802
604,439,677,804
610,441,678,807
607,440,674,804
605,438,671,802
607,440,675,803
605,438,675,802
605,438,675,802
593,431,661,789
605,439,674,803
604,439,673,801
603,436,671,801
604,438,666,801
605,436,674,802
605,435,671,801
608,440,671,801
606,437,670,802
606,438,673,801
604,437,672,804
603,439,671,804
604,439,672,803
606,438,671,801
605,440,674,802
607,438,671,801
605,438,671,801
608,438,672,802
605,435,671,802
606,438,673,804
606,440,674,799
607,438,673,801
607,437,673,803
605,441,673,803
607,439,673,802
605,440,668,802
607,439,673,803
606,440,675,805
607,439,673,805
605,438,671,802
607,439,673,804
609,440,674,805
606,439,672,802
607,440,669,801
598,432,665,790
605,439,673,801
608,442,676,804
604,440,674,803
607,440,678,802
607,440,676,804
606,439,672,802
606,438,674,806
607,440,674,803
607,438,674,804
608,440,674,803
605,439,677,805
607,440,675,804
608,440,673,804
609,440,680,806
609,441,673,802
605,440,673,802
607,438,673,803
608,440,673,802
607,440,674,804
609,442,675,805
605,437,672,804
609,438,676,805
608,439,673,801
607,439,672,806
607,440,675,805
608,442,674,802
606,437,674,800
609,443,678,807
608,442,673,802
608,439,671,802
606,439,675,799
606,438,673,806
606,439,675,803
606,443,677,798
608,440,675,802
606,439,675,805
609,441,674,803
607,440,674,804
606,438,676,804
607,440,674,802
609,441,675,802
606,438,671,803
606,441,672,803
606,439,673,801
607,439,675,802
607,438,675,801
606,440,675,802
608,439,675,804
605,438,674,804
607,439,674,802
604,439,677,804
610,441,678,807
607,440,674,804
605,438,671,802
607,440,675,803
605,438,675,802
605,438,675,802
593,431,661,789
605,439,674,803
604,439,673,801
603,436,671,801
604,438,666,801
605,436,674,802
605,435,671,801
608,440,671,801
606,437,670,802
606,438,673,801
604,437,672,804
603,439,671,804
604,439,672,803
606,438,671,801
605,440,674,802
607,438,671,801
605,438,671,801
608,438,672,802
605,435,671,802
606,438,673,804
606,440,674,799
607,438,673,801
607,437,673,803
605,441,673,803
607,439,673,802
605,440,668,802
607,439,673,803
606,440,675,805
607,439,673,805
605,438,671,802
607,439,673,804
609,440,674,805
606,439,672,802
607,440,669,801
598,432,665,790
605,439,673,801
608,442,676,804
604,440,674,803
607,440,678,802
607,440,676,804
606,439,672,802
606,438,674,806
607,440,674,803
607,438,674,804
608,440,674,803
605,439,677,805
607,440,675,804
608,440,673,804
609,440,680,806
609,441,673,802
605,440,673,802
607,438,673,803
608,440,673,802
607,440,674,804
609,442,675,805
605,437,672,804
609,438,676,805
608,439,673,801
607,439,672,806
607,440,675,805
608,442,674,802
606,437,674,800
609,443,678,807
608,442,673,802
608,439,671,802
606,439,675,799
606,438,673,806
606,439,675,803
606,443,677,798
608,440,675,802
606,439,675,805
609,441,674,803
607,440,674,804
606,438,676,804
607,440,674,802
609,441,675,802
606,438,671,803
606,441,672,803
606,439,673,801
607,439,675,802
607,438,675,801

613,444,673,801
618,447,677,805
618,446,676,808
618,447,676,808
620,446,676,806
616,447,679,806
618,447,676,806
617,445,675,804
618,446,677,807
617,446,677,804
618,448,675,805
619,447,679,806
618,446,677,805
617,445,677,807
621,449,680,811
618,446,677,806
620,447,676,803
617,447,677,805
617,447,676,806
618,447,676,807
619,447,673,804
617,447,675,801
621,446,677,806
618,446,680,806
619,447,678,805
617,447,677,805
618,447,677,806
618,447,677,805
616,444,678,805
618,447,678,806
618,447,679,805
618,445,676,805
619,446,677,807
618,448,678,807
618,447,679,804
619,450,677,805
618,448,678,803
620,447,680,809
618,448,677,807
618,447,683,806
617,446,679,809
617,445,673,804
618,446,676,807
617,447,677,806
617,447,677,807
619,447,678,806
617,447,675,806
616,445,678,805
617,450,678,807
618,447,677,804
619,444,677,805
618,447,677,804
618,447,679,811
620,450,680,808
617,448,678,808
619,446,677,805
618,448,678,807
619,449,680,806
617,447,676,804
617,447,674,807
621,448,677,806
620,447,678,806
617,445,676,805
617,446,679,805
618,446,678,806
618,447,677,806
617,447,676,808
616,447,676,805
619,447,676,806
619,449,678,807
617,447,678,807
618,447,677,804
618,446,675,805
617,447,677,809
618,445,679,807
614,443,673,801
621,448,679,813
618,446,678,807
618,450,680,809
616,448,679,809
617,447,675,805
617,448,676,805
621,447,678,805
620,447,678,807
618,446,676,804
617,445,676,805
618,447,677,806
617,445,679,809
619,447,678,807
623,447,682,812
618,446,676,806
618,446,679,807
618,446,678,807
616,447,677,806
619,447,680,804
618,447,674,804
612,444,674,801
621,448,679,807
617,446,678,807
617,447,681,808
617,447,675,807
618,446,677,805
617,447,677,806
617,446,675,806
620,448,678,807
619,448,676,805
619,447,677,805
617,447,675,805
616,446,676,805
611,441,666,796
618,446,676,806
617,446,678,806
617,446,671,806
617,447,677,805
619,449,679,805
618,446,678,807
616,447,674,807
617,447,674,805
614,446,678,806
617,445,678,806
618,447,677,807
616,446,676,805
619,446,675,806
620,447,679,806
617,446,677,806
616,446,676,807
618,445,678,808
619,447,674,804
618,446,677,805
616,446,677,807
617,448,679,807
617,444,674,804
616,443,680,807
618,448,677,806
617,448,676,807
619,447,679,806
617,447,678,805
615,445,678,806
618,446,677,807
619,448,677,806
616,444,676,806
617,446,676,805
617,446,676,805
613,444,672,802
617,446,674,805
615,446,677,805
617,447,678,806
616,446,675,804
614,446,677,806
618,446,676,807
618,447,678,805
618,447,675,805
618,447,674,805
616,446,675,805
616,446,676,805
619,448,678,807
614,446,676,807
616,448,673,801
616,446,675,805
617,446,677,805
618,448,677,805
618,446,676,805
619,446,675,805
616,445,675,806
611,443,672,801
618,448,677,807
617,447,675,804
618,446,676,805
616,446,673,807
617,446,677,805
616,444,675,805
617,447,676,808
616,446,678,807
617,446,676,806
617,445,675,805
616,447,678,804
617,447,675,805
615,447,679,805
617,446,674,804
615,445,676,804
615,448,675,806
617,447,673,807
616,447,677,805
615,447,676,807
615,446,670,803
617,444,677,805
615,446,672,805
616,447,677,807
617,447,678,805
617,447,678,806
616,446,675,806
617,447,676,798
616,446,672,806
616,445,677,804
616,447,676,809
617,444,676,804
616,447,676,805
617,445,677,805
612,444,674,803
618,447,676,804
617,447,673,803
616,446,676,804
616,443,675,805
616,445,677,806
616,446,678,804
616,445,673,806
616,445,675,806
616,445,674,804
618,445,677,807
617,447,678,809
617,447,676,805
615,446,675,806
618,448,676,809
617,445,674,806
617,444,675,805
616,443,674,804
616,447,677,806
616,445,679,807
615,446,676,805
617,446,675,805
615,447,678,809
617,447,678,808
618,445,673,805
617,446,675,804
617,446,674,806
615,445,678,806
618,447,674,804
615,446,675,806
617,446,676,804
616,445,672,804
615,445,674,802
616,447,676,804
616,446,674,806
617,445,675,805
613,445,674,805
617,445,677,806
615,446,676,805
618,449,681,808
617,442,676,805
614,447,677,802
617,445,674,804
617,447,678,804
617,446,675,805
616,447,675,803
615,446,675,805
611,443,670,799
616,445,676,804
618,447,675,805
619,448,677,806
617,447,676,803
615,446,676,804
617,443,677,805
616,448,676,805
617,446,675,804
616,444,679,803
619,447,675,805
615,446,676,805
617,445,677,806
617,448,677,803
618,446,675,803
617,445,675,803
617,447,676,806
616,447,674,807
617,447,675,805
616,446,677,807
615,445,676,807
618,443,677,807
616,447,677,805
617,447,674,805
616,446,674,804
617,446,678,805
619,445,676,805
618,446,676,806
613,444,674,803
618,447,672,806
616,447,677,806
616,446,676,805
620,446,675,805
616,447,681,806
617,447,673,805
618,447,675,806
617,445,676,807
615,447,676,805
617,446,675,806
617,446,674,807
619,446,674,805
619,446,680,809
619,448,678,807
615,446,676,807
617,447,674,803
618,446,676,805
616,445,673,805
620,447,675,805
619,447,672,806
618,446,674,805
617,445,678,805
618,446,678,805
616,447,679,806
616,447,672,804
618,447,676,807
621,451,681,811
614,446,674,804
620,447,676,807
617,447,676,807
617,447,676,805
616,447,675,808
618,445,677,806
613,444,672,803
619,451,681,808
619,447,677,808
617,447,677,806
617,447,676,806
616,446,675,805
621,447,678,808
616,449,676,804
619,450,680,805
618,447,676,805
617,446,676,805
616,447,677,808
616,447,672,804
611,443,673,799
618,447,677,804
617,445,670,804
618,447,681,806
617,445,679,808
620,446,675,806
620,448,672,806
617,448,676,806
617,447,676,806
618,448,676,806
618,447,675,804
617,446,677,806
619,446,676,806
617,447,676,805
621,449,682,812
619,447,679,806
619,446,678,807
618,445,675,803
618,449,679,804
616,445,678,808
618,444,679,804
616,442,673,804
618,446,678,807
618,446,677,808
618,445,676,805
618,448,680,807
618,446,676,807
619,445,676,808
618,447,674,808
620,447,677,806
619,446,676,805
619,446,677,808
619,447,676,805
618,446,676,806
614,444,670,801
618,447,680,806
618,447,678,806
617,445,676,806
617,446,673,805
618,447,675,805
618,446,676,804
615,447,678,809
617,447,675,805
617,446,679,810
618,447,676,806
620,447,677,805
618,446,677,806
619,447,677,805
618,445,674,803
618,446,675,806
618,446,677,809
617,446,677,806
618,448,679,807
617,447,677,807
618,449,678,806
619,448,680,806
618,448,677,805
621,449,680,806
618,448,678,806
619,448,679,808
620,447,677,808
616,446,678,806
616,446,677,806
619,448,677,806
617,448,676,807
617,445,677,804
619,447,678,806
618,448,677,806
618,448,676,806
617,447,678,806
619,447,677,806
618,447,675,806
620,447,680,805
618,447,679,808
619,448,678,806
622,448,676,811
619,448,676,806
617,447,674,805
619,447,676,806
619,447,678,807
618,448,678,805
619,447,675,807
617,445,675,805
618,443,680,809
617,446,675,805
619,448,678,806
619,445,675,805
618,446,677,805
619,447,678,807
618,447,676,804
619,448,679,805
618,446,677,807
619,447,679,806
618,448,679,806
618,447,678,806
617,446,676,804
615,447,675,802
620,447,678,805
618,447,675,806
617,447,677,805
617,447,677,807
618,447,676,806
618,447,675,806
619,448,678,807
618,448,676,804
617,447,678,806
620,448,676,806
617,447,677,805
617,446,675,804
617,446,675,804
618,446,675,803
617,445,675,803
617,447,676,806
616,447,674,807
617,447,675,805
616,446,677,807
615,445,676,807
618,443,677,807
616,447,677,805
617,447,674,805
616,446,674,804
617,446,678,805
619,445,676,805
618,446,676,806
613,444,674,803
618,447,672,806
616,447,677,806
616,446,676,805
620,446,675,805
616,447,681,806
617,447,673,805
618,447,675,806
617,445,676,807
615,447,676,805
617,446,675,806
617,446,674,807
619,446,674,805
619,446,680,809
619,448,678,807
615,446,676,807
617,447,674,803
618,446,676,805
616,445,673,805
620,447,675,805
619,447,672,806
618,446,674,805
617,445,678,805
618,446,678,805
616,447,679,806
616,447,672,804
618,447,676,807
621,451,681,811
614,446,674,804
620,447,676,807
617,447,676,807
617,447,676,805
616,447,675,808
618,445,677,806
613,444,672,803
619,451,681,808
619,447,677,808
617,447,677,806
617,447,676,806
616,446,675,805
621,447,678,808
616,449,676,804
619,450,680,805
618,447,676,805
617,446,676,805
616,447,677,808
616,447,672,804
611,443,673,799
618,447,677,804
617,445,670,804
618,447,681,806
617,445,679,808
620,446,675,806
620,448,672,806
617,448,676,806
617,447,676,806
618,448,676,806
618,447,675,804
617,446,677,806
619,446,676,806
617,447,676,805
621,449,682,812
619,447,679,806
619,446,678,807
618,445,675,803
618,449,679,804
616,445,678,808
618,444,679,804
616,442,673,804
618,446,678,807
618,446,677,808
618,445,676,805
618,448,680,807
618,446,676,807
619,445,676,808
618,447,674,808
620,447,677,806
619,446,676,805
619,446,677,808
619,447,676,805
618,446,676,806
614,444,670,801
618,447,680,806
618,447,678,806
617,445,676,806
617,446,673,805
618,447,675,805
618,446,676,804
615,447,678,809
617,447,675,805
617,446,679,810
618,447,676,806
620,447,677,805
618,446,677,806
619,447,677,805
618,445,674,803
618,446,675,806
618,446,677,809
617,446,677,806
618,448,679,807
617,447,677,807
618,449,678,806
619,448,680,806
618,448,677,805
621,449,680,806
618,448,678,806
619,448,679,808
620,447,677,808
616,446,678,806
616,446,677,806
619,448,677,806
617,448,676,807
617,445,677,804
619,447,678,806
618,448,677,806
618,448,676,806
617,447,678,806
619,447,677,806
618,447,675,806
620,447,680,805
618,447,679,808
619,448,678,806
622,448,676,811
619,448,676,806
617,447,674,805
619,447,676,806
619,447,678,807
618,448,678,805
619,447,675,807
617,445,675,805
618,443,680,809
617,446,675,805
619,448,678,806
619,445,675,805
618,446,677,805
619,447,678,807
618,447,676,804
619,448,679,805
618,446,677,807
619,447,679,806
618,448,679,806
618,447,678,806
617,446,676,804
615,447,675,802
620,447,678,805
618,447,675,806
617,447,677,805
617,447,677,807
618,447,676,806
618,447,675,806
619,448,678,807
618,448,676,804
617,447,678,806
620,448,676,806
617,447,677,805
617,446,675,804
617,446,675,804

611,441,676,802
612,441,676,801
611,441,673,801
611,442,673,802
611,441,674,801
613,443,673,801
612,441,674,801
611,442,674,801
611,443,672,802
612,442,673,801
611,441,675,800
612,442,672,802
612,441,674,801
612,443,674,801
612,441,674,801
612,442,672,801
613,442,674,801
612,441,674,801
611,442,671,801
612,440,673,801
611,441,673,800
612,441,673,802
610,442,673,801
612,441,673,802
612,442,674,802
612,442,675,802
613,441,673,802
610,443,672,801
614,439,673,801
611,444,675,802
612,442,672,803
611,442,673,801
611,441,674,800
613,440,672,801
612,441,674,802
611,440,671,801
612,440,676,804
611,441,674,801
614,439,674,801
610,441,671,801
611,441,672,801
611,442,672,800
611,441,674,800
612,438,672,801
611,441,672,801
609,439,671,800
611,443,673,800
612,442,674,802
611,441,674,802
612,442,674,801
611,439,673,801
613,441,673,800
611,437,675,799
611,441,673,803
610,441,674,803
611,439,675,801
612,441,674,801
612,439,673,803
612,439,672,801
611,440,672,801
611,438,673,799
611,440,673,800
610,437,672,802
612,441,671,803
611,444,678,801
612,442,674,801
611,443,674,803
612,441,673,800
611,441,673,802
612,439,673,801
612,442,673,802
612,440,672,800
611,441,679,803
612,442,671,801
612,442,674,803
610,442,671,804
611,442,672,802
611,444,673,802
611,441,672,801
611,442,674,801
612,443,674,801
611,441,673,800
611,442,673,801
612,441,674,801
612,442,675,802
611,441,673,802
611,439,671,798
611,443,676,802
610,441,673,802
611,440,674,801
612,441,672,801
611,441,675,800
612,442,673,801
611,440,673,802
610,441,672,803
612,441,675,800
612,439,673,799
611,442,673,801
611,441,671,801
612,442,674,801
608,438,667,793
610,442,672,800
611,441,669,801
611,441,674,799
610,441,674,801
611,441,672,800
611,441,672,801
609,440,671,800
611,440,674,800
611,441,673,801
611,443,672,799
611,441,671,800
611,441,672,801
610,440,672,800
610,441,672,801
610,441,674,801
610,440,671,799
612,441,672,799
611,442,673,800
611,440,674,801
600,433,660,790
610,441,673,800
611,442,673,801
611,442,673,800
610,441,673,802
610,442,670,799
610,440,672,798
609,442,673,799
611,441,672,800
612,442,672,801
611,442,672,801
613,442,673,800
609,442,672,799
611,441,671,799
611,442,674,802
611,442,672,801
611,441,674,803
612,444,673,801
611,440,676,801
612,442,671,800
612,442,674,802
611,441,672,802
611,441,674,802
609,443,673,801
611,441,673,799
611,443,674,801
612,443,676,802
612,442,672,802
612,442,673,802
613,442,674,803
611,442,673,801
613,440,675,803
613,442,674,802
612,441,674,802
603,435,659,787
611,440,672,801
611,444,673,803
611,442,673,801
612,442,673,801
611,442,673,802
612,444,672,802
612,443,670,801
613,442,674,801
612,443,673,801
612,442,674,800
611,443,676,804
611,443,674,802
611,442,673,800
611,442,673,798
613,443,672,801
613,442,673,800
611,443,670,802
612,444,677,801
612,443,673,800
612,439,675,801
610,441,671,799
613,444,675,803
610,442,668,802
613,442,671,802
609,442,674,805
613,443,671,801
612,445,675,801
612,443,675,801
612,443,673,802
611,443,673,801
612,444,673,804
612,443,673,803
614,443,677,802
612,445,674,802
612,443,675,801
612,442,675,802
612,443,675,801
613,442,674,802
611,443,674,800
610,444,674,801
613,445,677,805
612,445,674,802
612,443,674,802
614,442,675,803
611,443,674,802
612,443,675,803
613,442,672,801
613,443,674,800
612,444,675,802
613,443,673,803
612,444,675,802
612,443,674,801
612,442,674,802
613,441,673,802
611,443,670,801
613,443,676,802
613,442,675,803
613,444,675,801
613,442,674,803
614,442,675,803
613,443,674,801
618,446,679,804
612,445,678,801
613,444,673,802
613,446,676,800
613,443,676,802
611,444,676,803
614,447,676,804
613,443,676,801
612,443,672,801
612,442,674,802
613,444,674,802
614,443,675,802
612,442,673,802
609,443,672,801
614,445,674,803
613,446,674,802
613,440,677,802
613,444,674,801
612,443,674,801
613,444,678,802
614,445,674,802
612,445,674,803
612,441,675,803
613,443,674,802
612,444,671,802
612,443,676,800
612,442,672,800
612,443,675,802
613,443,672,801
612,442,673,800
611,442,674,799
611,445,674,802
612,444,676,804
608,441,669,799
616,445,679,809
611,442,672,804
611,440,672,800
609,442,672,800
612,445,671,801
611,441,673,801
612,444,675,801
612,443,671,800
611,441,673,801
612,441,678,802
613,443,674,803
613,442,673,802
612,443,674,801
611,444,673,801
613,442,674,801
612,443,675,801
612,443,674,801
612,444,675,802
612,443,673,800
612,443,674,801
613,444,674,805
611,443,674,803
612,441,671,800
611,443,673,801
611,442,674,801
612,443,673,801
612,443,672,800
612,443,673,801
612,443,675,803
614,443,675,802
612,443,672,801
613,444,673,801
611,443,673,801
610,440,669,797
612,446,674,801
611,444,674,802
613,445,674,802
612,442,675,799
612,442,673,802
614,442,673,801
602,436,662,791
612,442,674,802
612,443,674,800
611,445,675,802
612,444,675,803
611,444,674,800
611,443,673,802
613,444,673,800
612,443,673,802
613,442,676,803
609,443,673,802
612,443,676,803
612,443,674,801
612,444,675,801
610,444,679,799
611,444,674,802
612,442,675,801
613,442,673,801
613,443,669,801
612,443,673,802
612,443,675,802
613,445,676,802
610,443,674,800
612,445,674,801
613,444,674,801
610,442,675,802
613,444,673,800
612,443,672,800
612,442,674,800
612,442,672,801
612,444,674,803
612,443,673,801
613,442,672,800
612,442,675,801
613,442,673,801
613,443,675,802
611,443,673,801
614,443,676,804
611,443,668,801
611,442,675,801
612,441,674,803
613,442,676,802
612,442,675,801
611,442,673,800
611,442,673,801
611,443,674,802
612,443,674,801
611,441,674,800
613,447,674,802
613,442,675,802
611,440,672,801
611,441,673,801
612,443,672,801
611,443,673,801
611,442,673,802
612,443,673,800
611,443,677,801
610,442,671,801
614,444,672,802
613,441,673,802
612,442,674,801
603,438,669,798
607,438,670,798
608,440,674,796
606,440,667,794
605,438,671,793
605,440,671,794
606,439,670,794
605,437,673,798
607,440,674,796
605,437,670,796
605,439,671,794
604,436,669,794
605,439,670,794
606,439,669,793
606,438,670,795
605,437,668,793
603,439,669,794
605,438,673,795
606,441,674,795
602,435,663,789
604,437,668,794
605,438,676,797
605,438,670,794
606,439,672,796
607,439,672,798
606,439,672,795
605,437,670,794
607,440,671,795
606,438,670,794
604,438,669,794
605,440,671,796
605,438,670,794
605,440,671,796
604,434,669,794
607,439,671,796
607,438,669,795
603,439,670,795
606,439,671,795
606,437,671,793
604,441,671,796
597,434,661,788
605,441,671,794
606,438,669,793
604,439,670,794
605,438,671,796
603,437,668,793
604,437,670,794
604,438,669,794
604,438,672,797
606,439,668,795
606,438,669,794
604,438,669,795
607,439,669,794
605,440,671,794
607,440,671,795
606,436,669,793
604,439,669,793
606,440,670,796
605,439,670,794
606,440,670,794
604,441,671,794
604,440,671,797
604,440,671,794
605,439,669,794
605,440,669,795
606,438,668,795
605,440,670,794
604,439,670,797
604,437,670,793
604,441,671,797
605,438,670,795
605,441,671,798
605,440,671,794
605,437,670,794
600,434,663,785
605,438,669,795
604,439,668,794
605,439,670,793
606,439,671,795
605,439,671,794
605,438,669,795
604,439,670,796
606,438,669,794
606,438,670,793
607,439,671,794
605,439,671,796
606,441,670,793
607,441,670,794
605,439,670,796
606,439,671,795
605,440,670,795
605,438,669,794
605,439,670,794
604,440,671,794
604,438,669,793
608,442,673,797
607,440,670,797
605,439,671,794
606,441,673,797
605,439,670,797
605,440,668,794
605,439,671,796
605,438,668,795
605,438,674,795
607,439,669,794
606,441,669,793
606,437,671,795
605,439,675,797
606,441,670,795
606,438,671,794
606,439,669,794
608,439,671,795
607,437,669,794
608,439,672,799
606,438,672,796
609,442,674,800
608,439,674,797
606,439,670,794
605,438,670,798
607,439,671,796
606,441,672,794
605,439,669,795
605,440,673,796
608,442,672,796
606,438,671,795
607,439,670,796
605,439,672,794
606,439,671,795
607,441,671,795
607,438,671,794
608,439,670,794
607,440,672,797
607,441,673,797
606,441,674,799
608,439,671,796
607,439,671,795
605,437,672,795
607,438,669,798
610,441,672,795
606,439,669,794
606,440,672,794
607,438,670,793
608,439,675,794
607,441,671,795
607,440,673,795
607,438,670,797
607,437,671,793
608,439,672,796
607,440,672,795
606,439,669,791
606,439,670,795
606,438,671,796
607,440,671,794
608,439,671,796
607,439,671,796
606,439,673,796
609,443,673,799
607,439,671,797
609,438,671,796
606,442,671,796
608,440,669,794
606,440,672,794
609,439,673,798
595,432,662,785
606,438,672,797
607,439,669,795
608,440,672,796
607,441,671,795
608,440,673,795
609,439,672,796
609,441,673,799
607,440,671,796
607,440,671,795
608,439,673,795
609,441,671,796
607,440,675,797
604,438,670,790
606,439,673,798
607,441,672,795
607,441,672,796
607,439,670,796
607,440,671,796
606,441,672,796
603,439,668,792
608,442,675,798
607,442,671,796
607,442,670,796
606,441,674,796
608,441,672,795
605,442,673,797
605,439,669,793
610,443,674,796
607,439,673,797
606,440,671,796
608,441,672,796
607,441,671,796
607,440,672,795
610,441,671,798
606,440,673,796
608,440,674,796
607,441,672,797
606,441,672,796
608,441,674,797
604,440,671,795
606,439,671,785
606,439,671,794
606,440,671,793
610,442,675,795
606,440,671,796
606,440,671,796
607,439,671,794
609,442,673,797
607,439,671,797
608,441,672,796
604,439,671,796
607,438,672,797
607,440,673,795
602,437,667,789
606,441,671,798
605,440,671,795
607,440,672,798
607,438,670,794
605,439,673,798
606,441,672,794
606,439,669,793
607,441,671,796
606,440,672,798
607,438,671,795
606,441,672,796
606,441,670,795
607,439,667,795
608,442,671,799
607,439,671,795
608,441,674,793
607,442,669,796
607,442,671,799
606,439,672,796
606,443,672,796
606,441,672,796
608,441,672,797
607,441,674,795
605,441,671,798
609,442,672,797
608,440,670,797
609,441,671,799
606,440,670,794
605,440,669,795
607,441,672,795
607,438,672,794
605,440,672,799
607,440,670,794
607,441,668,793
606,441,672,794
606,438,672,795
607,441,671,795
606,437,671,796
605,438,672,797
607,441,672,796
607,439,669,792
605,438,670,794
606,438,674,797
606,440,669,796
607,441,671,796
606,439,673,797
608,438,670,794
595,431,662,784
606,439,671,794
606,441,670,794
606,441,671,793
605,439,671,796
606,439,670,795
604,440,672,796
606,439,665,795
606,439,670,794
607,439,674,796
606,438,670,794
607,440,668,795
606,441,674,796
604,441,673,796
603,438,668,791
606,439,670,794
607,441,671,796
607,440,671,795
606,441,670,795
605,439,671,794
604,442,669,794
604,437,671,792
608,438,671,794
605,441,669,797
607,440,669,794
607,440,671,795
605,441,671,796
605,443,671,794
606,439,671,795
606,440,667,794
607,439,671,796
607,440,671,794
607,441,672,796
607,439,669,796
603,437,666,789
606,440,671,794
606,439,670,795
606,439,669,795
607,440,671,796
607,440,670,795
603,438,669,795
606,436,669,795
605,439,669,797
606,440,670,795
603,439,669,794
605,440,671,795
607,439,671,794
605,439,672,795
605,436,672,795
606,440,669,794
605,440,671,795
605,440,670,794
606,441,670,794
605,440,671,798
605,441,672,796
600,436,663,790
607,440,668,795
606,439,664,794
606,438,668,795
605,441,669,793
605,439,671,797
605,440,670,795
599,437,664,789
606,441,672,795
605,438,669,794
605,438,671,794
606,439,670,795
605,438,671,794
607,442,672,796
608,438,671,795
606,440,671,797
603,438,669,793
606,440,670,794
606,439,671,794
606,440,676,795
606,440,672,797
606,439,670,793
603,438,670,796
608,441,668,795
605,437,671,794
605,440,671,796
606,441,669,794
605,441,669,793
604,439,670,794
604,439,670,796
605,439,670,794
605,439,669,794
604,439,669,793
605,438,670,794
607,440,672,796
607,441,671,795
604,440,670,793
606,440,670,794
605,440,671,795
606,440,670,796
604,438,669,793
608,443,672,797
604,440,672,796
605,438,671,795
606,440,671,796
605,438,671,796
605,438,670,793
606,439,669,794
600,435,664,790
606,438,669,793
605,438,670,794
604,440,668,794
605,440,670,796
605,440,667,796
605,437,669,794
603,436,666,793
605,440,671,798
606,438,670,796
602,438,667,794
606,440,671,797
605,439,669,793
604,438,670,793
606,441,672,796
606,438,669,793
605,439,670,795
605,439,669,795
605,438,672,795
605,438,672,798
606,441,667,794
604,438,671,795
606,439,669,793
604,439,670,794
606,439,669,796
605,438,669,794
603,441,670,793
607,440,669,793
605,441,668,794
604,438,670,795
604,439,669,792
603,440,669,794
606,438,671,794
605,438,671,796
594,432,659,781
606,439,669,794
605,439,670,794
605,439,671,797
605,441,672,795
605,441,669,793
606,440,670,796
603,438,666,792
604,440,669,796
604,437,669,792
603,440,669,796
605,440,671,793
608,440,672,795
605,439,669,793
606,441,670,796
605,439,674,794
605,438,669,793
605,440,671,794
605,440,670,795
604,441,670,794
600,435,666,790
605,440,670,795
606,440,669,798
605,441,670,795
605,439,671,793
605,440,670,794
606,439,669,794
606,440,671,791
604,439,671,795
604,438,670,798
605,439,669,795
606,441,671,796
607,440,672,794
606,440,671,795
606,441,669,794
605,440,670,795
606,441,672,798
605,441,668,794
606,442,670,793
606,441,671,796
605,439,671,793
601,437,665,787
606,440,669,793
607,438,671,796
605,438,671,797
606,440,671,793
605,442,672,795
606,438,671,795
607,439,671,794
606,441,672,796
605,439,671,795
607,440,671,796
605,439,670,794
606,440,671,795
606,442,673,796
606,441,670,796
607,437,669,795
605,440,670,794
607,439,671,793
607,440,672,794
605,438,670,795
606,441,672,796
610,444,675,800
607,440,673,795
608,440,671,797
606,440,672,795
606,440,674,797
606,441,672,795
604,443,674,797
607,440,672,796
606,440,672,796
606,438,670,795
607,439,672,796
606,440,671,795
607,439,672,796
603,438,670,794
605,439,673,795
609,441,672,798
608,438,672,798
606,440,671,796
610,441,669,796
608,440,672,795
607,440,671,796
606,438,671,795
604,439,672,798
609,441,671,797
606,440,671,796
607,439,672,796
607,440,671,796
596,431,660,782
607,439,671,795
607,439,671,795
609,440,672,795
607,440,671,794
606,440,671,793
606,440,672,795
605,438,669,795
605,441,671,794
607,441,673,796
607,442,672,795
606,439,672,795
607,440,672,794
607,441,672,796
605,439,671,797
607,440,671,795
606,439,673,797
606,439,672,796
606,439,672,798
607,441,674,797
596,434,662,782
607,442,671,796
607,439,671,795
606,440,672,794
608,443,672,797
606,441,673,796
606,438,671,797
607,439,672,798
607,440,672,796
606,441,670,795
608,440,674,796
607,439,673,796




